1 5.98523e-11 8.61463e-11 -5.98523e-11 1 7.76369e-11 -8.61463e-11 -7.76369e-11 1 -2.35057e-07 -1.41459e-07 1.12784e-07
0.9964 -0.0847568 -0.0016116 0.0635324 0.759203 -0.647745 0.0561244 0.645311 0.761855 0.792631 -0.533667 -0.824051
-0.417232 -0.908777 0.00645744 -0.758158 0.344145 -0.55386 0.501113 -0.235983 -0.832585 -0.784738 -0.613898 0.709743
-0.257727 -0.918453 -0.300035 -0.591076 0.395512 -0.702993 0.764333 -0.00383733 -0.64481 -0.445285 0.0550585 1.77729
0.246119 -0.725955 -0.642195 -0.240157 0.596239 -0.766044 0.939016 0.342765 -0.0275975 -0.263625 0.0144528 0.994408
0.899933 -0.283823 -0.331006 0.0924425 0.866075 -0.491292 0.426116 0.411531 0.805647 -0.109648 0.0242698 0.525703
0.991791 -0.091838 -0.0889783 0.0691018 0.970411 -0.23136 0.107593 0.223312 0.968791 -0.0846996 -0.0104668 0.0557461
0.988205 -0.0371186 -0.14857 0.0128705 0.986878 -0.160953 0.152595 0.157143 0.975716 -0.108958 -0.0231974 -0.261325
0.958493 -0.0131898 -0.28481 0.012502 0.999913 -0.0042329 0.284841 0.000496496 0.958575 -0.112831 -0.000379537 -0.493821
0.970064 0.000131958 0.242849 0.00794038 0.999448 -0.032261 -0.24272 0.0332236 0.969527 -0.00288864 -0.00357746 -0.650001
0.858742 0.017514 0.51211 0.0183971 0.997718 -0.0649711 -0.512079 0.0652147 0.856459 0.0258539 8.51476e-05 -0.785926
0.999687 -0.0145291 -0.0203898 0.0178126 0.985036 0.171423 0.0175941 -0.171733 0.984986 -0.0860924 0.0347739 -0.805663
0.986817 0.000316751 -0.161838 -0.00475505 0.999623 -0.0270376 0.161769 0.0274507 0.986447 -0.140366 0.00422324 -0.900176
0.999928 0.000180013 0.0119684 -0.000297719 0.999952 0.00983361 -0.0119661 -0.00983647 0.99988 -0.149081 0.00410121 -0.996987
0.992773 -0.000267131 -0.120006 -0.0204911 0.984935 -0.171709 0.118244 0.172927 0.977811 -0.211123 -0.013444 -1.10438
0.56896 0.0610939 -0.820093 0.0738214 0.989416 0.124923 0.819045 -0.131617 0.558429 -0.32495 0.0416089 -1.18359
0.984542 -0.0181312 0.174209 -0.00858845 0.988434 0.15141 -0.17494 -0.150566 0.972998 -0.111806 0.036985 -0.872294
0.925114 -0.00260153 -0.379681 -0.00203729 0.999928 -0.0118154 0.379684 0.0117041 0.925042 -0.127212 -0.00379831 -0.949484
0.852663 0.0323988 0.521456 0.0190398 0.995486 -0.092984 -0.522114 0.0892124 0.848197 0.0405033 -0.0268121 -0.955711
0.950603 0.0275961 0.309179 0.0205667 0.988252 -0.151442 -0.309726 0.15032 0.938868 -0.0187516 -0.0273469 -0.955277
0.969619 0.00372047 -0.24459 0.00501936 0.999371 0.0350996 0.244567 -0.0352609 0.968991 -0.126102 0.00683941 -1.03413
0.966057 -0.0123653 -0.258031 -0.00859864 0.996761 -0.0799595 0.258184 0.0794642 0.962822 -0.133572 0.00631792 -1.13123
0.945784 -0.028254 0.323564 -0.0383193 0.979545 0.197543 -0.322527 -0.199232 0.925356 -0.070454 0.054691 -1.22542
0.972351 0.00581213 0.233451 0.00108612 0.999567 -0.0294097 -0.233521 0.0288501 0.971924 -0.14994 0.0207785 -1.32028
0.997025 0.00546198 0.0768866 -0.00512325 0.999976 -0.00460216 -0.07691 0.00419456 0.997029 -0.268977 0.0314417 -1.49878
0.97133 0.0109183 0.237486 -0.0270106 0.997545 0.0646133 -0.236197 -0.0691755 0.96924 -0.369069 0.0473462 -1.74739
0.59006 0.0730305 0.804049 0.0647305 0.988415 -0.137279 -0.80476 0.13305 0.578497 -0.474931 0.0130905 -2.07228
0.632836 0.0198717 -0.774031 0.0237059 0.998705 0.0450214 0.773923 -0.0468402 0.631545 -0.486212 -0.0272753 -0.32286
0.909945 -0.010114 -0.414606 0.00751724 0.999941 -0.00789451 0.414662 0.00406687 0.909967 0.307045 -0.0518283 0.127334
0.997856 -0.000433735 -0.0654503 0.00464443 0.997927 0.0641958 0.0652867 -0.0643621 0.995789 0.249256 -0.00603297 -0.193904
0.994669 0.0138054 -0.102193 0.00617 0.981255 0.192613 0.102937 -0.192217 0.975939 0.139986 0.0297894 -0.458211
0.909278 -0.00325567 -0.416176 -0.00374368 0.999865 -0.0160011 0.416172 0.0161075 0.909143 0.043623 -0.00109781 -0.649528
0.977225 0.00911209 0.212011 0.00338671 0.998281 -0.058516 -0.212179 0.0579013 0.975514 0.116219 -0.0031829 -0.740027
0.987135 -0.00136246 -0.159885 0.0029206 0.999951 0.00951078 0.159864 -0.00985538 0.98709 0.060734 0.015724 -0.854661
0.814675 -0.0610669 0.576693 -0.058625 0.980673 0.186662 -0.576947 -0.185878 0.79535 0.148986 0.0404616 -0.947589
0.999359 -0.00371115 0.0356037 0.00420017 0.999898 -0.0136701 -0.0355493 0.0138109 0.999272 0.0177958 0.000171518 -0.892666
0.997052 -0.00580087 -0.0765052 0.0114918 0.99718 0.0741577 0.0758593 -0.0748182 0.994308 -0.055481 -0.000814884 -1.01326
0.800499 -0.00743347 -0.599288 0.0264083 0.999389 0.0228785 0.598752 -0.0341404 0.800206 -0.15334 -0.0285527 -1.122
0.982897 -0.0283281 -0.181967 -0.0233882 0.960896 -0.275922 0.182667 0.275458 0.943798 -0.0676459 -0.0809051 -1.12059
0.62893 -0.224908 -0.74422 -0.207442 0.873995 -0.439433 0.749276 0.430755 0.503026 -0.0962212 -0.0897458 -1.27064
0.789508 -0.0775063 0.608827 -0.0659835 0.975525 0.209754 -0.610183 -0.205775 0.765071 0.164257 0.0291378 -0.741003
0.89603 -0.0150693 0.443738 -0.00332424 0.999168 0.0406442 -0.443982 -0.0378935 0.895234 0.135967 0.0238019 -0.637771
0.909357 -0.0543974 0.412446 -0.044225 0.973156 0.225856 -0.41366 -0.223624 0.88254 0.145159 0.0736982 -0.741256
0.940407 -0.0153311 0.339704 -0.00758053 0.99779 0.0660161 -0.339965 -0.0646572 0.938213 0.108044 0.0626949 -0.798111
0.994899 -0.0162616 0.0995551 -0.0045547 0.978673 0.205376 -0.100772 -0.204782 0.973606 0.0333955 0.0805221 -0.854322
0.999228 -0.00390257 -0.0390993 0.00761934 0.995413 0.0953672 0.0385477 -0.0955915 0.994674 -0.031742 0.0567081 -0.905515
0.953748 0.0061949 -0.300544 0.0119874 0.998209 0.0586163 0.300369 -0.0595079 0.951965 -0.0985342 0.0419855 -0.956897
0.886357 0.0235507 -0.462404 0.0500579 0.987977 0.146272 0.460289 -0.152796 0.874521 -0.110037 0.0387948 -0.991157
0.995786 0.000752537 0.0917024 -0.0114574 0.993152 0.116265 -0.0909869 -0.116826 0.988976 -0.0114865 0.00870737 -0.96338
0.980114 0.0294332 0.19624 0.0034926 0.986226 -0.165364 -0.198404 0.162761 0.966512 0.018904 -0.0477849 -0.994888
0.974202 0.0266051 0.224105 -0.000148906 0.993102 -0.117251 -0.225679 0.114192 0.967486 0.00641764 -0.046098 -1.02794
0.878961 0.0027156 -0.476885 0.0314287 0.99748 0.0636073 0.475856 -0.0708963 0.876661 -0.0741836 -0.0266782 -1.03824
0.949205 0.0268588 0.313511 0.00677665 0.994374 -0.105706 -0.314586 0.102462 0.943683 0.0351217 -0.0427123 -0.958998
0.999875 -0.000956931 -0.015796 0.00282244 0.992949 0.118505 0.0155712 -0.118535 0.992828 -0.0154577 -0.0117619 -0.949165
0.93565 0.0100974 -0.352785 0.0338374 0.992419 0.118148 0.351304 -0.122482 0.928215 -0.0404005 -0.0227077 -0.98713
0.929503 0.0296164 0.367624 -0.00136503 0.99704 -0.0768718 -0.368812 0.0709508 0.926792 0.058367 -0.0614594 -0.955277
0.999366 -0.000119314 -0.0356048 -0.00578732 0.986152 -0.165745 0.0351315 0.165846 0.985526 0.00578458 -0.0772841 -0.926881
0.998963 0.00520978 0.0452249 0.00073504 0.991455 -0.130449 -0.0455181 0.130347 0.990423 0.0106378 -0.067141 -0.95341
0.998199 -0.0013475 -0.0599746 0.00172317 0.999979 0.00621247 0.0599649 -0.00630463 0.998181 -0.0037927 -0.0444905 -0.979178
0.999292 -0.00376885 -0.0374258 -0.00313859 0.983144 -0.182807 0.0374839 0.182795 0.982436 0.00273102 -0.0483994 -1.00538
0.999972 -0.00753751 -0.000182616 0.00743523 0.981805 0.189747 -0.00125093 -0.189743 0.981833 0.0131587 0.0124131 -1.01695
0.998118 0.00196274 -0.0612957 0.0107193 0.978518 0.205882 0.0603831 -0.206151 0.976655 0.0191619 0.00805687 -1.03559
0.997012 0.00319064 0.0771747 0.00191084 0.997822 -0.0659389 -0.077217 0.0658894 0.994835 0.0529288 -0.0400161 -1.05489
0.97854 0.023661 0.204695 0.0122681 0.984934 -0.172497 -0.205692 0.171307 0.963506 0.0814478 -0.0569886 -1.09208
0.909089 0.00469593 0.416575 -0.00185503 0.999972 -0.00722418 -0.416597 0.00579467 0.909073 0.0941008 -0.0313466 -1.12687
0.998568 -0.000926543 0.0534843 -0.00128758 0.999144 0.0413483 -0.0534768 -0.041358 0.997712 0.01658 -0.024861 -1.1324
0.999936 0.0109033 -0.00293407 -0.0112027 0.990489 -0.137132 0.00141097 0.137156 0.990548 -0.0232967 -0.0422612 -1.20419
0.992687 -0.000805047 -0.120714 0.0110882 0.996359 0.0845385 0.120206 -0.0852587 0.989081 -0.0673877 -0.0092617 -1.28965
0.85668 -0.00485902 -0.515825 -0.0205652 0.998839 -0.0435636 0.515438 0.0479281 0.855585 -0.129699 -0.0257376 -1.41171
0.47479 0.116289 -0.872382 0.134961 0.969888 0.202739 0.869689 -0.213996 0.444799 -0.117488 0.0102909 -1.54605
0.59791 0.0961805 0.795772 0.0687326 0.982967 -0.170448 -0.798611 0.156608 0.581115 0.226591 -0.0469906 -0.838046
0.787518 0.0230354 0.615861 0.0104951 0.998655 -0.0507735 -0.616202 0.0464485 0.786217 0.107583 0.000340459 -0.539082
0.932342 0.00433019 0.361552 -0.00200281 0.999975 -0.00681167 -0.361573 0.00562668 0.932327 0.0504912 0.00607525 -0.64719
0.999019 -0.00561636 0.0439322 0.00223316 0.997053 0.0766827 -0.0442334 -0.0765093 0.996087 -0.0294767 0.0102079 -0.762796
0.995837 0.00416658 -0.091061 -0.019927 0.984744 -0.172862 0.0889516 0.173957 0.980728 -0.0870492 -0.0210351 -0.871124
0.893264 0.0243703 -0.448872 0.0516953 0.986336 0.156425 0.446551 -0.162934 0.879798 -0.149067 0.0292235 -0.949387
0.948608 0.0153911 -0.316079 0.0320034 0.98903 0.144207 0.314831 -0.146912 0.937709 -0.0854469 0.0144594 -0.986815
0.841678 0.0285268 0.539225 0.00531973 0.998117 -0.0611074 -0.539953 0.0543013 0.839942 0.0615325 -0.0281997 -1.02283
0.945478 0.0272375 0.324544 0.00345468 0.995602 -0.0936208 -0.325667 0.0896376 0.941226 0.012119 -0.0357492 -1.00031
0.967425 -0.0084045 0.253017 -0.00990252 0.997428 0.0709945 -0.252963 -0.0711874 0.964853 -0.0532179 -0.0219868 -1.08856
0.851716 -0.0466998 -0.521918 -0.063618 0.979437 -0.191455 0.520127 0.196269 0.831232 -0.190731 -0.0625588 -1.13296
0.987222 0.0241608 0.15751 0.00159242 0.986894 -0.161363 -0.159344 0.159552 0.974245 -0.0984221 -0.0370325 -1.10191
0.910046 0.0195914 -0.414045 0.0315869 0.9927 0.116398 0.413303 -0.119006 0.902784 -0.17649 0.0169046 -1.18699
0.882096 0.0267948 0.470307 0.0138304 0.996477 -0.0827122 -0.470867 0.0794647 0.878618 -0.0602443 0.00162853 -1.22205
0.669319 0.0995729 -0.736273 0.118302 0.964053 0.237922 0.733496 -0.246348 0.633479 -0.262051 0.0678388 -1.15388
0.828116 0.0922844 -0.552909 0.117872 0.935635 0.332707 0.548024 -0.340692 0.763936 -0.108919 0.0395599 -1.0261
0.773822 0.122757 0.621394 0.10012 0.945001 -0.311365 -0.62544 0.303155 0.718972 0.149132 -0.0883972 -0.95023
0.947019 0.027946 0.31996 0.0225887 0.987945 -0.153147 -0.320383 0.152261 0.934971 0.0684133 -0.0454856 -0.853474
0.996543 0.00218503 0.0830497 -0.000943773 0.999887 -0.0149823 -0.0830731 0.0148522 0.996433 0.0246663 -0.022853 -1.03194
0.947846 0.00986522 0.318575 -0.00602401 0.999897 -0.0130404 -0.318671 0.0104412 0.947808 0.0349954 -0.0227249 -1.22952
0.999916 0.00831938 0.00997594 -0.00740806 0.99608 -0.0881451 -0.0106702 0.0880638 0.996058 -0.0723643 -0.0268254 -1.40949
0.389816 0.0781789 -0.917568 0.0870536 0.9888 0.121231 0.916769 -0.127136 0.378644 -0.277112 0.0191486 -1.60654
0.831226 0.0175646 0.555657 0.0242857 0.997399 -0.0678581 -0.555404 0.0698999 0.828638 0.0823536 -0.0171097 -0.740714
0.926004 0.0139751 0.377256 0.0114137 0.997821 -0.0649793 -0.377342 0.064477 0.923827 0.0322529 -0.010881 -0.784763
0.960443 0.026324 -0.27723 0.0192286 0.986877 0.160324 0.277812 -0.159313 0.947333 -0.0521647 0.0246065 -1.01338
0.948125 0.00963062 0.31775 -0.00525006 0.999879 -0.0146396 -0.317853 0.012212 0.948061 0.0752156 -0.0223299 -1.21056
0.717206 0.0171872 -0.696649 0.0280982 0.99817 0.0535534 0.696295 -0.0579834 0.71541 -0.106284 -0.021546 -1.40151
0.397978 0.0453414 -0.916274 0.066053 0.994769 0.0779155 0.915014 -0.0915313 0.392901 -0.00413376 -0.0425473 -1.54805
0.733754 0.077592 0.67497 0.142431 0.953815 -0.264482 -0.664318 0.290201 0.688814 0.204524 -0.097468 -0.5348
0.513498 -0.0924228 0.853099 -0.170276 0.963437 0.206869 -0.841027 -0.251489 0.478986 0.210978 0.102984 -0.437321
0.838377 -0.00227924 0.545086 -0.0259631 0.998689 0.0441088 -0.544472 -0.0511319 0.837219 0.0663318 0.0216855 -0.369479
0.763628 -0.0987256 -0.638064 -0.0205155 0.984031 -0.176809 0.645331 0.148106 0.749408 -0.154989 -0.0416414 -0.513034
0.935879 -0.00491372 -0.352286 0.0103629 0.999854 0.0135838 0.352168 -0.0163635 0.935794 -0.0404674 -0.00675981 -0.465838
0.997304 0.00343016 0.0732995 -0.00378426 0.999982 0.0046926 -0.073282 -0.00495733 0.997299 0.0981284 -0.0150013 -0.605398
0.980587 0.00447102 0.196031 -0.00387724 0.999987 -0.0034127 -0.196044 0.00258639 0.980592 0.186495 -0.0212954 -0.741113
0.837986 -0.00211617 0.545688 -0.0622396 0.993096 0.0994296 -0.542131 -0.117284 0.832069 0.278561 -0.0176223 -0.850995
0.918648 0.0149542 0.394794 0.0125885 0.997668 -0.0670822 -0.394877 0.0665948 0.916317 0.236185 -0.0611796 -0.885753
0.996892 -0.0447478 -0.0648306 0.0268443 0.966709 -0.254466 0.0740591 0.251935 0.964906 0.165958 -0.0907575 -0.961029
0.888713 0.00684648 0.458413 0.0218243 0.998123 -0.0572173 -0.457945 0.0608543 0.886895 0.231833 -0.0546518 -1.02663
0.797751 0.0108472 0.602889 0.0211539 0.998719 -0.0459602 -0.602615 0.0494183 0.7965 0.210575 -0.0381091 -1.09091
0.824111 -0.0495417 0.564258 -0.0829687 0.974865 0.20677 -0.56032 -0.217217 0.799286 0.0959919 0.000966348 -1.147
0.637838 -0.033536 -0.76944 -0.023223 0.99776 -0.0627383 0.76982 0.0578856 0.63563 -0.1805 -0.0414199 -1.02622
0.999722 -0.0129529 -0.0196982 0.0104305 0.992333 -0.123155 0.0211424 0.122916 0.992192 -0.0400687 -0.0502401 -0.730805
0.999687 -0.0178162 0.0175716 0.020934 0.980141 -0.197195 -0.0137093 0.197501 0.980207 -0.0446402 -0.0489183 -0.844165
0.915738 0.0443792 -0.399317 0.0144958 0.989584 0.143223 0.401513 -0.136943 0.905557 -0.0915949 -0.00079937 -0.922594
0.985923 -0.0142319 0.166593 0.0740704 0.930443 -0.358873 -0.149898 0.366161 0.918399 -0.00950632 -0.0497953 -0.907014
0.931439 0.0528978 -0.360032 -0.00290527 0.990428 0.138002 0.363886 -0.127495 0.922676 -0.0670323 0.0428256 -0.895768
0.915041 0.07499 -0.396328 0.00318476 0.981192 0.193006 0.403348 -0.177871 0.897593 -0.0215382 0.0582814 -0.907616
0.999902 -0.00712034 -0.0120281 0.00668236 0.999327 -0.0360691 0.0122769 0.0359852 0.999277 0.0968935 0.0319078 -0.893907
0.935008 -0.0164556 0.354245 0.00859531 0.999681 0.0237509 -0.354523 -0.0191624 0.934851 0.203538 0.0472988 -0.922958
0.966197 -0.00734173 0.257702 -0.0653436 0.95998 0.272341 -0.249388 -0.279974 0.927049 0.226827 0.0719761 -0.934974
0.884514 -0.00975141 0.466412 -0.0287014 0.99675 0.0752692 -0.465631 -0.0799633 0.881359 0.268456 0.0261346 -0.949448
0.869108 0.0218829 0.494139 0.0175632 0.997026 -0.0750438 -0.494311 0.0738998 0.866138 0.240683 -0.0173947 -0.954648
0.999872 -0.0145281 0.00669506 0.0157019 0.971323 -0.237245 -0.00305634 0.23732 0.971427 0.130968 -0.0417618 -0.934754
0.987797 -0.000194862 -0.155747 -0.00268153 0.99983 -0.0182581 0.155724 0.018453 0.987628 0.0813809 -0.0117249 -0.953168
0.997087 -0.0167812 -0.074408 0.00733897 0.992079 -0.125399 0.0759229 0.124487 0.989312 0.0787157 -0.0124204 -0.975337
0.996274 -0.00360627 -0.0861725 0.00642207 0.999454 0.0324215 0.0860085 -0.0328541 0.995753 0.0812386 0.0220293 -0.995231
0.997366 -0.00416814 0.0724086 -0.000187017 0.998196 0.0600363 -0.0725283 -0.0598918 0.995566 0.113871 0.0420704 -1.01723
0.944644 -0.0305848 0.326667 -0.0813147 0.942759 0.32341 -0.31786 -0.33207 0.888085 0.138081 0.0698251 -1.04032
0.986714 0.00527523 -0.162379 -0.00452967 0.999977 0.00496134 0.162401 -0.0041599 0.986716 0.0633466 0.00599263 -0.996353
0.987878 -0.0331279 -0.151654 -0.00417717 0.970936 -0.239304 0.155174 0.237037 0.959028 0.0715871 -0.0370694 -1.01434
0.999791 -0.0116842 0.0167479 0.0144679 0.984079 -0.177139 -0.0144115 0.177344 0.984043 0.11729 -0.0142309 -1.02823
0.909144 -0.0500394 0.413465 -0.0722092 0.958782 0.274813 -0.410174 -0.279701 0.868058 0.171707 0.0521622 -1.04184
0.999035 0.00426278 -0.0437113 -3.46419e-05 0.995355 0.0962766 0.0439186 -0.0961822 0.994394 0.104726 0.0181699 -0.991564
0.990858 -0.000699658 0.134908 0.00550946 0.999362 -0.0352824 -0.134797 0.0357031 0.99023 0.113421 -0.00858368 -1.03146
0.91057 -0.00378959 -0.413337 0.00696054 0.999957 0.00616597 0.413296 -0.0084916 0.910557 0.0651554 -0.00988672 -1.06244
0.913065 -0.0172044 0.40745 -0.0361391 0.991766 0.122862 -0.406209 -0.126906 0.904925 0.199364 -0.00945933 -1.0117
0.719733 0.0638056 0.691313 0.0442854 0.98952 -0.137435 -0.692837 0.129532 0.709364 0.224314 -0.0625536 -1.00493
0.999882 0.00341673 0.0149933 -7.34535e-05 0.976054 -0.217528 -0.0153775 0.217501 0.975939 0.0856123 -0.0708241 -0.869193
0.998526 -0.000175754 -0.0542831 -0.00676755 0.99179 -0.127699 0.0538599 0.127878 0.990326 0.0368682 -0.045219 -0.905539
0.999151 -0.000715148 0.0411798 0.00251487 0.999043 -0.0436688 -0.0411091 0.0437353 0.998197 0.016351 -0.0166406 -0.939558
0.988465 -0.00170935 -0.151443 -0.00133832 0.999799 -0.02002 0.151447 0.0199918 0.988263 -0.0229146 0.00660498 -0.966649
0.998329 -0.00535658 0.0575388 0.00180558 0.9981 0.0615904 -0.0577594 -0.0613836 0.996442 -0.00798292 0.0373983 -0.985938
0.996019 0.0014254 -0.0891318 0.0207199 0.968786 0.247031 0.0867018 -0.247894 0.9649 -0.0245062 0.0668412 -1.00823
0.976059 -0.0270748 0.215813 -0.0114296 0.984467 0.175199 -0.217204 -0.173471 0.960588 0.00294515 0.0434815 -1.01638
0.979023 -0.00793792 -0.203597 -0.0136622 0.994434 -0.104468 0.203293 0.105058 0.973465 -0.0437797 -0.00330289 -1.00968
0.94276 -0.0132375 0.333209 -0.00643617 0.998303 0.0578698 -0.33341 -0.056702 0.941075 0.00896562 0.00593845 -1.00474
0.967219 -0.00136966 -0.253941 0.00912065 0.999528 0.029348 0.253781 -0.030702 0.966774 -0.0664506 -0.0132087 -0.968462
0.993727 0.0178205 0.110408 0.000890933 0.98593 -0.167153 -0.111833 0.166203 0.979729 -0.0254474 -0.0405637 -0.961035
0.999926 -0.00545181 -0.0108689 0.00685696 0.990991 0.133754 0.0100417 -0.133819 0.990955 -0.0418973 -0.0146222 -0.965258
0.985226 0.0340658 0.167834 0.00247405 0.977083 -0.212844 -0.171239 0.210115 0.962564 -0.0336308 -0.060662 -0.972372
0.99857 0.0053167 -0.0531981 -0.0121245 0.991638 -0.12848 0.0520701 0.128941 0.990284 -0.0787032 -0.0424622 -0.962741
0.983737 -0.00104025 -0.17961 -0.00938497 0.99832 -0.0571842 0.179368 0.0579398 0.982074 -0.105015 -0.020107 -0.973944
0.993346 0.00411566 -0.115092 -0.0113389 0.998001 -0.0621766 0.114606 0.063068 0.991407 -0.0974823 -0.0039747 -0.98156
0.997435 0.00346697 -0.0714948 -0.00798788 0.997979 -0.0630455 0.0711317 0.0634549 0.995447 -0.0877378 0.0217936 -0.993695
0.995057 0.00433082 -0.0992108 0.0247738 0.956635 0.290235 0.0961655 -0.291258 0.951799 -0.0802041 0.0753726 -0.998829
0.999975 -0.000429809 0.00700359 -0.000182394 0.996193 0.0871785 -0.00701439 -0.0871776 0.996168 -0.0530008 0.0475575 -0.982758
0.990663 -0.00529385 0.136233 -0.00219276 0.998498 0.0547458 -0.136318 -0.0545333 0.989163 -0.0361483 0.0366505 -0.994663
0.999302 -0.000105059 -0.0373656 0.00340477 0.996092 0.0882562 0.0372103 -0.0883218 0.995397 -0.0631545 0.029297 -0.998347
0.9855 0.00219268 -0.16966 0.00239765 0.999637 0.0268465 0.169657 -0.026864 0.985137 -0.0771141 0.00700967 -1.00578
0.999858 0.00519144 0.0160072 -0.00388226 0.996726 -0.0807593 -0.016374 0.0806857 0.996605 -0.0533923 -0.0162582 -1.00816
0.987653 -0.000414272 -0.156657 -0.00865477 0.998325 -0.0572046 0.156418 0.0578541 0.985995 -0.0654493 -0.0166877 -1.01738
0.999748 0.00352315 -0.0221496 -0.00397221 0.999787 -0.0202626 0.0220735 0.0203455 0.999549 -0.0320828 -0.0125185 -1.0247
0.956475 0.0131897 0.291515 0.00381723 0.998327 -0.0576942 -0.291788 0.0562959 0.954825 -0.00141057 -0.0098961 -1.03982
0.947974 0.0206323 -0.317679 0.0261944 0.989458 0.142428 0.317269 -0.143339 0.93744 -0.0798335 0.0152557 -1.01103
0.965936 -0.00229563 -0.258771 -0.00564899 0.999535 -0.0299536 0.258719 0.0303951 0.965474 -0.0471095 -0.00735927 -0.98862
0.96665 -0.00389655 0.25607 -0.0137721 0.997647 0.0671696 -0.255729 -0.0684562 0.964322 0.0352381 -0.000976408 -0.982398
0.992062 0.00294383 0.125716 0.000921781 0.999529 -0.0306795 -0.125747 0.0305519 0.991592 0.0231767 -0.0192143 -0.975146
0.999301 0.00446901 0.0371018 -0.0014024 0.996609 -0.082272 -0.0373436 0.0821625 0.995919 0.00634286 -0.024123 -0.991596
0.990994 0.00552759 -0.133793 0.0102118 0.993118 0.116668 0.133517 -0.116984 0.984118 -0.0123249 -0.00581791 -1.00431
0.999986 0.00320374 0.00424082 -0.00259118 0.990527 -0.137296 -0.00464051 0.137283 0.990521 0.0117264 -0.0366763 -1.00649
0.999872 -0.00165122 -0.015918 0.00179258 0.999959 0.00887058 0.0159027 -0.00889798 0.999834 0.0222093 -0.0161663 -1.01688
0.997803 -0.00231319 0.0662091 -0.000222757 0.999267 0.0382691 -0.0662491 -0.0381998 0.997072 0.051324 -0.0146044 -1.03804
0.915161 0.0323947 0.401784 0.0251646 0.990229 -0.137158 -0.402301 0.135632 0.905405 0.0909558 -0.0311131 -1.05739
0.997485 -0.00312559 0.0708043 -0.00082213 0.99845 0.0556578 -0.0708685 -0.055576 0.995936 0.033699 -0.00279611 -1.02608
0.991976 0.0105375 0.125986 0.00203205 0.995063 -0.099227 -0.126409 0.0986868 0.987057 0.0233321 -0.0138145 -1.05896
0.919166 0.00815195 0.393785 0.00536657 0.999434 -0.0332163 -0.393833 0.0326446 0.918602 0.00664383 0.00987562 -1.09589
0.802718 0.0400986 -0.595009 0.0609239 0.987003 0.148707 0.593238 -0.15562 0.789842 -0.142893 0.0470372 -1.02748
0.996494 0.000214786 -0.0836642 0.0187642 0.973948 0.225994 0.0815331 -0.226772 0.970529 -0.0545625 0.046062 -0.902296
0.983425 -0.00191161 -0.181305 0.00331759 0.999967 0.0074518 0.181285 -0.00792978 0.983399 -0.0405934 -0.00134985 -0.935715
0.99604 0.0165627 0.0873527 0.00277586 0.976223 -0.216751 -0.0888657 0.216135 0.972311 0.0277851 -0.0354647 -0.960739
0.906456 0.013267 0.422092 0.00342673 0.999242 -0.0387667 -0.422287 0.0365867 0.905724 0.0837428 -0.00732512 -0.975798
0.980302 -0.000495116 0.197504 0.000688787 0.999999 -0.0009119 -0.197504 0.00102998 0.980302 0.0447975 0.0110213 -0.957
0.993594 -0.0191853 0.111369 0.00241881 0.988869 0.14877 -0.112984 -0.147548 0.98258 0.0147755 0.0413154 -0.981526
0.989188 -0.0423094 0.14042 -0.00560402 0.945877 0.324477 -0.146548 -0.321755 0.935413 -0.0110526 0.0558303 -1.00149
0.98672 -0.00260367 -0.162408 0.0330245 0.982203 0.184896 0.159037 -0.187804 0.969246 -0.0667559 0.00962685 -0.986103
0.999506 0.00331299 -0.0312624 -0.00559663 0.997298 -0.0732454 0.0309353 0.0733842 0.996824 -0.060686 -0.0586875 -0.988917
0.99805 0.00993261 -0.0616198 -0.0261963 0.962753 -0.269111 0.0566517 0.270201 0.961136 -0.0668359 -0.102448 -1.00652
0.998678 0.00724618 -0.050895 -0.0137298 0.99165 -0.128224 0.0495409 0.128754 0.990438 -0.0633177 -0.0869004 -1.01325
0.98392 -0.0043318 -0.178559 -0.00630426 0.998241 -0.0589556 0.178501 0.0591332 0.982161 -0.062489 -0.0750643 -1.03897
0.999496 0.00790717 0.0307335 -0.00538224 0.996668 -0.0813867 -0.0312746 0.0811803 0.996209 -0.00798237 -0.0733342 -1.06333
0.954728 0.0457233 0.293944 0.00676056 0.984527 -0.175102 -0.297402 0.169162 0.939647 0.0472836 -0.0748087 -1.10294
0.875319 0.0827557 0.476412 0.0341929 0.972187 -0.231698 -0.482335 0.2191 0.848144 0.0606398 -0.05224 -1.12958
0.990783 -0.0199558 0.133982 0.00828469 0.996164 0.0871081 -0.135206 -0.0851952 0.987148 -0.0189415 0.0254114 -1.09227
0.98644 -0.0168209 -0.163256 0.0555756 0.970201 0.23584 0.154424 -0.241715 0.957981 -0.094952 0.0687012 -1.14344
0.972942 -0.00776221 -0.230919 0.0659654 0.967169 0.245425 0.221432 -0.254017 0.941511 -0.109837 0.0691062 -1.20669
0.967305 -0.0399185 0.250454 -0.00549887 0.984002 0.178072 -0.253556 -0.173628 0.951611 -0.0464124 0.0350241 -1.28245
0.980169 0.0450078 0.192984 -0.0201053 0.991427 -0.129106 -0.19714 0.122665 0.972671 -0.0818818 -0.0302799 -1.36976
0.985595 -0.00479207 -0.169056 0.00999093 0.999503 0.0299151 0.168828 -0.0311732 0.985152 -0.156402 -0.0188169 -1.50546
0.814609 0.0191819 0.579694 -0.0233883 0.999726 -0.000214509 -0.579539 -0.0133833 0.814834 -0.0782045 -0.0364777 -1.6925
0.899486 -0.0130235 -0.436756 0.037944 0.998108 0.0483823 0.435299 -0.0600915 0.898278 -0.286349 -0.0305342 -1.65645
0.890794 0.0273701 0.453582 -0.0285714 0.999583 -0.00420532 -0.453508 -0.0092134 0.891205 -0.13703 -0.0597706 -1.8368
0.437027 -0.0596082 -0.897471 -0.0245277 0.996641 -0.0781388 0.899114 0.0561617 0.434097 -0.475163 -0.0696247 -1.78486
0.703468 -0.039298 0.70964 -0.0513879 0.993045 0.105933 -0.708867 -0.110987 0.696555 0.230975 0.0351025 -0.220553
0.997857 0.0378702 0.0533542 -0.0303241 0.990279 -0.135751 -0.0579765 0.133843 0.989305 -0.105919 -0.0609632 0.0970265
0.99606 0.0014762 0.0886715 -0.00215377 0.999969 0.00754621 -0.0886577 -0.00770746 0.996032 -0.098114 -0.0372581 -0.290086
0.985986 -0.00262352 -0.166809 0.00195685 0.999989 -0.00416082 0.166818 0.00377608 0.98598 -0.151744 -0.0477305 -0.607088
0.96842 0.0114192 -0.249063 -0.0620103 0.978592 -0.196245 0.24149 0.205492 0.948396 -0.168248 -0.0847379 -0.894658
0.563346 -0.0821958 -0.822123 -0.126173 0.97481 -0.183919 0.81653 0.20734 0.538784 -0.235964 -0.0639886 -1.17144
0.607307 -0.112987 0.786392 -0.0590619 0.980676 0.186513 -0.792269 -0.159716 0.588898 0.175851 0.0223088 -0.662284
0.926442 0.0117912 0.376253 0.000838761 0.999442 -0.0333864 -0.376437 0.0312461 0.925915 0.00726932 -0.0357523 -0.309569
0.994139 0.0189838 -0.106426 -0.0345964 0.988556 -0.146834 0.102421 0.149656 0.983419 -0.103871 -0.0349404 -0.480048
0.996178 -0.0120665 -0.0865055 0.0233776 0.991112 0.130963 0.0841564 -0.132485 0.987606 -0.127859 0.028547 -0.618099
0.997483 -0.0386592 0.0594368 0.0257874 0.978676 0.203785 -0.0660476 -0.201739 0.97721 -0.149074 0.0424759 -0.732945
0.896024 0.00498652 -0.443978 0.0074458 0.999628 0.0262542 0.443943 -0.0268302 0.895653 -0.242351 0.0145834 -0.794054
0.986289 -0.00272516 -0.165004 0.0127202 0.998144 0.0595481 0.164535 -0.0608306 0.984494 -0.206848 0.00702932 -0.815168
0.956487 0.00213086 -0.291766 -0.0207737 0.997933 -0.0608135 0.291034 0.0642284 0.954554 -0.222692 -0.0189733 -0.88048
0.988188 0.00602771 -0.153128 -0.0186845 0.99651 -0.0813513 0.152103 0.0832515 0.984852 -0.200667 -0.0262979 -0.920527
0.886906 -0.0178959 -0.461604 -0.0453767 0.991042 -0.125607 0.459716 0.132347 0.878149 -0.215693 -0.0244057 -0.968728
0.999943 -0.0106008 0.00150971 0.0103805 0.99429 0.106205 -0.00262695 -0.106184 0.994343 -0.118651 0.0108188 -0.940756
0.999991 -0.00359136 -0.00218451 0.00354167 0.999744 -0.0223404 0.00226418 0.0223324 0.999748 -0.08553 -0.00250244 -0.978453
0.94102 0.0100765 0.3382 0.00709997 0.998748 -0.0495124 -0.338275 0.0489934 0.939771 -0.0378284 0.00117111 -1.01528
0.999011 -0.00315858 0.0443541 3.91553e-05 0.997536 0.0701555 -0.0444664 -0.0700844 0.99655 -0.0949004 0.0232314 -1.01302
0.979519 0.0130994 -0.200924 0.0153183 0.990141 0.139231 0.200767 -0.139457 0.969662 -0.14689 0.0297948 -1.04977
0.991031 0.00286515 -0.133604 0.00183205 0.999385 0.0350215 0.133622 -0.0349521 0.990416 -0.159167 0.00340114 -1.08498
0.828269 -0.0473385 -0.558327 -0.0529265 0.98536 -0.162061 0.557825 0.16378 0.813638 -0.208556 -0.0277509 -1.13659
0.999078 -0.000849382 -0.042917 0.000523374 0.999971 -0.0076069 0.0429222 0.00757743 0.99905 -0.11465 -0.00169419 -1.08303
0.753408 0.010053 -0.657477 0.0230164 0.998867 0.0416476 0.657151 -0.0465103 0.752323 -0.154707 0.00971164 -1.15936
0.925048 -0.000341966 -0.37985 0.00597027 0.999889 0.0136392 0.379804 -0.0148847 0.924947 4.26032e-05 0.00682455 -1.09203
0.54315 0.00303597 0.83963 -0.0106048 0.999939 0.00324452 -0.839569 -0.0106663 0.543149 0.25901 0.00694594 -1.04724
0.978769 -0.000136649 0.204965 -0.0184372 0.995887 0.0887071 -0.204134 -0.0906028 0.974741 0.0950483 0.0168011 -0.715864
0.99725 0.00657431 -0.0738211 -0.00187505 0.997977 0.0635472 0.0740895 -0.063234 0.995245 0.0540345 0.000267966 -0.810936
0.959649 0.0170531 0.280684 0.0140103 0.99402 -0.108293 -0.280852 0.107855 0.953671 0.0867477 -0.0310334 -0.871066
0.980821 -0.00769259 -0.194761 -0.00439308 0.998095 -0.061546 0.194863 0.0612212 0.978918 0.0205033 -0.0233698 -0.886275
0.994943 -0.00769888 0.100146 -0.00141801 0.995882 0.0906475 -0.100432 -0.0903311 0.990835 0.0595595 -0.00747742 -0.910345
0.97531 0.0135935 0.220423 0.0169831 0.990531 -0.136231 -0.220187 0.136611 0.965844 0.0677324 -0.0333945 -0.939563
0.994835 -0.00569609 0.101349 0.00339742 0.999733 0.022839 -0.101452 -0.0223767 0.994589 0.0338923 -0.00877601 -0.952612
0.999238 0.00103945 -0.0390158 0.00121005 0.99834 0.0575882 0.0390109 -0.0575915 0.997578 -0.00546378 -0.00964313 -0.979163
0.967742 -0.028315 -0.250347 -0.0436566 0.959787 -0.277314 0.248132 0.279298 0.92759 -0.0327129 -0.0424328 -0.997808
0.99564 -0.00338949 0.0932145 -0.000363875 0.999191 0.0402194 -0.0932754 -0.040078 0.994833 0.0212151 0.013136 -0.970271
0.949402 -0.0295406 0.31267 -0.0118333 0.991495 0.129606 -0.31384 -0.126748 0.940978 0.0395745 0.0366835 -0.987654
0.999084 -0.00115922 -0.0427763 0.00892893 0.983277 0.181898 0.0418501 -0.182113 0.982387 -0.0212907 0.0405351 -0.972423
0.9972 0.00214579 -0.0747437 0.00170911 0.998673 0.0514728 0.074755 -0.0514564 0.995873 -0.0406877 0.0129014 -0.982658
0.992123 0.00018048 -0.125269 -0.00752896 0.998277 -0.0581907 0.125043 0.0586755 0.990415 -0.053582 -0.013606 -0.99991
0.985819 -0.0131664 -0.167296 -0.0236576 0.976057 -0.216223 0.166138 0.217114 0.961904 -0.0450661 -0.0278056 -1.01632
0.957899 -0.0202219 0.286391 -0.0193476 0.990702 0.134665 -0.286452 -0.134537 0.948602 0.0138315 0.0210387 -1.00194
0.996799 -0.00840299 0.0795052 5.30037e-05 0.99453 0.104448 -0.079948 -0.10411 0.991347 -0.0285382 0.0125272 -0.983202
0.958734 -0.0113384 -0.284079 -0.00538494 0.998301 -0.0580185 0.284255 0.0571541 0.957044 -0.078375 -0.0132218 -0.991683
0.999139 -0.00219206 -0.0414319 -0.00067191 0.997617 -0.0689848 0.0414844 0.0689533 0.996757 -0.0397853 -0.0133568 -0.981879
0.988557 -0.00600752 0.15073 0.00100578 0.999447 0.0332377 -0.150847 -0.0327057 0.988016 -0.0153447 0.00189225 -0.996963
0.999033 -0.00973863 0.042879 0.00734365 0.998423 0.0556617 -0.0433535 -0.055293 0.997529 -0.04232 0.00365191 -1.00661
0.941317 -0.00632802 -0.337466 0.00215307 0.999916 -0.0127443 0.337518 0.0112698 0.941251 -0.0838263 -0.00738979 -1.01677
0.991583 0.00761165 0.129246 0.00134753 0.997609 -0.0690904 -0.129463 0.068683 0.989203 -0.0193403 -0.00778057 -0.989312
0.998728 -0.00501673 0.0501697 -0.00469231 0.981471 0.191552 -0.0502011 -0.191544 0.980199 -0.0335574 0.018739 -0.994554
0.961443 -0.00957224 -0.274837 -0.0223211 0.99338 -0.112683 0.274096 0.114473 0.954865 -0.0669059 -0.0211449 -0.990228
0.99961 0.0070252 -0.0270317 -0.00636691 0.999683 0.024362 0.0271943 -0.0241804 0.999338 -0.023161 -0.0085849 -0.974346
0.993531 0.00265574 -0.113534 -0.00744268 0.9991 -0.0417599 0.113321 0.0423347 0.992656 -0.00929001 -0.0171552 -0.989406
0.981815 0.00894847 0.189628 -0.00120754 0.999163 -0.0408979 -0.189835 0.0399252 0.981004 0.0447247 -0.0125191 -0.994195
0.988501 -0.00359012 0.151173 -0.00965606 0.996179 0.0867975 -0.150907 -0.0872591 0.984689 0.041113 0.00412044 -0.99611
0.997392 -0.00324206 -0.0721028 0.00230241 0.999911 -0.0131113 0.0721389 0.0129111 0.997311 0.0185803 -0.00827414 -1.00063
0.977774 -0.00727638 0.209537 0.000772301 0.999516 0.0311054 -0.209661 -0.0302522 0.977306 0.0447261 -0.00728456 -1.00792
0.993647 -0.00957089 -0.112135 -0.00512822 0.991492 -0.130068 0.112426 0.129816 0.985144 0.00567331 -0.0215913 -1.00073
0.979986 -0.0130781 0.198636 -0.0133116 0.991301 0.13094 -0.198621 -0.130964 0.971287 0.0333224 0.0123492 -0.99602
0.997435 0.00243182 -0.0715302 0.00120548 0.99871 0.0507627 0.0715614 -0.0507187 0.996146 -0.00497126 0.000656638 -0.98477
0.993321 0.000271397 0.115383 -0.00930945 0.996926 0.0777995 -0.115007 -0.078354 0.99027 0.00365545 -0.00605839 -0.993509
0.983003 -0.00827498 -0.183403 -0.00593709 0.997028 -0.0768065 0.183494 0.0765899 0.980033 -0.0330846 -0.0312126 -0.992609
0.991269 0.00235366 0.131835 0.00678623 0.997605 -0.068836 -0.131681 0.0691297 0.988879 0.00298484 -0.0313717 -0.985694
0.998467 -0.00108651 0.0553484 0.00368419 0.998895 -0.0468529 -0.0552364 0.0469849 0.997367 -0.0147897 -0.0259724 -0.987671
0.998235 -0.00219153 -0.0593481 0.00454676 0.999206 0.039579 0.0592143 -0.039779 0.997452 -0.0386424 -0.0167965 -0.995313
0.98765 -0.00443324 -0.156613 -0.00012846 0.999576 -0.029105 0.156676 0.0287657 0.987231 -0.0464923 -0.0265171 -1.00216
0.988827 0.00402457 0.149013 0.00297022 0.998905 -0.0466885 -0.149038 0.0466094 0.987732 -0.0104921 -0.0242004 -1.00078
0.999913 -0.00115205 0.0131239 0.00111827 0.999996 0.0025809 -0.0131268 -0.002566 0.999911 -0.0361473 -0.00760941 -0.999884
0.980702 0.00629632 -0.195407 0.0185804 0.991956 0.125213 0.194623 -0.126428 0.972696 -0.0646248 0.00872304 -1.00704
0.985608 -0.00713902 -0.168899 -0.00514047 0.99738 -0.0721544 0.168972 0.0719841 0.982989 -0.0468542 -0.0134488 -1.00153
0.990466 -0.0099614 0.1374 -0.00423685 0.994708 0.102658 -0.137695 -0.102261 0.985182 0.000444541 0.00300396 -0.99858
0.999788 -0.00113566 -0.020559 0.00156661 0.999779 0.0209575 0.0205307 -0.0209853 0.999569 -0.0131337 -0.0181564 -0.995924
0.994985 -0.00822208 -0.0996815 -0.00765089 0.987439 -0.157816 0.099727 0.157787 0.982424 -0.0125793 -0.0415817 -1.00401
0.999795 -0.000343439 0.0202234 0.000220541 0.999981 0.00607893 -0.0202251 -0.00607323 0.999777 0.0193788 -0.0205542 -1.00386
0.9554 0.0157657 0.294894 0.00100314 0.998395 -0.0566263 -0.295314 0.0543965 0.953851 0.0539924 -0.0221767 -1.01242
0.995441 0.00507462 0.0952482 -0.00854673 0.999312 0.0360807 -0.0949996 -0.0367303 0.994799 0.0140304 -0.00476978 -0.997626
0.99567 0.00332764 -0.0929026 0.00188687 0.99843 0.0559846 0.092943 -0.0559175 0.9941 -0.0250812 -0.00123863 -1.00699
0.990267 0.00179297 -0.139166 6.20281e-05 0.999911 0.0133239 0.139178 -0.0132029 0.990179 -0.0348085 -0.00719601 -1.01665
0.999905 -0.000428514 -0.0137922 0.00138101 0.997607 0.0691256 0.0137295 -0.0691381 0.997513 -0.0182667 -0.00800457 -1.02737
0.996561 -0.00649701 -0.0826066 -0.00441608 0.99134 -0.131244 0.0827439 0.131158 0.987902 -0.0180582 -0.0355535 -1.04163
0.999954 -0.00408618 -0.00865399 0.00308062 0.99357 -0.113177 0.0090608 0.113145 0.993537 0.00624556 -0.0252099 -1.05715
0.986175 -0.00758922 0.165533 0.000378835 0.999051 0.0435467 -0.165707 -0.042882 0.985242 0.0440839 0.00531905 -1.08409
0.83149 -0.0378409 0.554249 -0.0347997 0.99217 0.119947 -0.554448 -0.119022 0.823663 0.0692196 0.0200431 -1.11474
0.95865 0.00508566 -0.284542 0.0249465 0.99449 0.101822 0.283492 -0.10471 0.953241 -0.0708348 0.0117042 -1.00804
0.952472 -0.00941379 -0.304479 0.00075924 0.999593 -0.02853 0.304624 0.0269429 0.952092 -0.0753932 -0.0126536 -1.01669
0.911539 -0.00981059 0.411097 -0.0274523 0.996033 0.0846406 -0.410297 -0.0884387 0.907654 -0.00574229 -0.008138 -1.0242
0.947673 -0.0114333 -0.319037 -0.00957063 0.997892 -0.0641902 0.319098 0.0638847 0.945566 -0.124271 -0.0336079 -0.967878
0.835416 -0.0244689 -0.549073 -0.00330431 0.998767 -0.0495367 0.549608 0.0431981 0.834305 -0.138427 -0.0369472 -0.982109
0.987687 0.00463941 0.156373 0.00458781 0.998271 -0.0585954 -0.156374 0.0585913 0.985959 -0.0197019 -0.0418186 -0.919007
0.999708 -0.00241265 -0.0240267 -0.00190087 0.984046 -0.177905 0.0240726 0.177899 0.983754 -0.0128421 -0.0494923 -0.944113
0.950836 -0.00175148 0.309689 -0.0134251 0.998811 0.0468679 -0.309403 -0.0487213 0.949682 0.0318006 -0.0133196 -0.966671
0.980227 0.00011417 -0.197877 -0.00911373 0.998965 -0.0445706 0.197667 0.0454927 0.979213 -0.0311782 -0.0136843 -0.955129
0.994046 0.00209097 -0.108938 -0.00229162 0.999996 -0.00171672 0.108934 0.00195614 0.994047 -0.0055639 0.00427119 -0.968336
0.981747 -0.0140943 0.18967 -0.0160236 0.987575 0.156326 -0.189516 -0.156512 0.969323 0.0431001 0.0275895 -0.990539
0.967737 -0.006424 0.251881 -0.0130499 0.997055 0.0755673 -0.251625 -0.0764163 0.964803 0.0446776 0.012902 -1.00136
0.979786 -0.00920497 0.199836 -0.0134052 0.993674 0.111496 -0.199598 -0.111921 0.973465 0.00992025 0.000663696 -1.01731
0.998753 0.00372217 -0.0497892 -0.0088649 0.994593 -0.103472 0.0491348 0.103785 0.993385 -0.0590973 -0.041706 -1.02898
0.94569 -0.0279283 -0.323867 -0.0321125 0.983403 -0.178571 0.323479 0.179273 0.929098 -0.116851 -0.055441 -1.05279
0.975615 -0.0106789 -0.219229 -0.0184231 0.991307 -0.130274 0.218714 0.131137 0.966937 -0.111053 -0.0385607 -1.06197
0.814818 -0.0363813 -0.578574 -0.0289983 0.994222 -0.103357 0.578991 0.100994 0.809055 -0.121127 -0.0116927 -1.10802
0.886908 -0.043603 0.459884 -0.0412984 0.984065 0.172948 -0.460096 -0.172382 0.870974 0.0385575 0.04472 -0.971805
0.99686 0.00843716 -0.0787352 -0.000219528 0.994598 0.1038 0.0791856 -0.103457 0.991477 -0.0266319 0.0422401 -0.893236
0.982762 0.0260032 -0.183036 0.0186718 0.971036 0.238204 0.183929 -0.237516 0.953812 -0.0198118 0.0502886 -0.930966
0.992776 0.00412631 0.119913 -0.00480055 0.999974 0.0053344 -0.119888 -0.00587151 0.99277 0.036644 0.00456178 -0.934881
0.996383 0.00725401 0.0846602 -0.0058635 0.999844 -0.0166618 -0.0847678 0.0161051 0.996271 0.0431472 -0.0144049 -0.959611
0.998696 0.00866423 0.0503032 -0.00643207 0.998995 -0.0443678 -0.050637 0.0439864 0.997748 0.0473605 -0.0301991 -0.986596
0.968577 0.0249542 0.247459 0.0121084 0.989043 -0.14713 -0.248419 0.145503 0.957662 0.0612468 -0.0404046 -1.01176
0.992652 -0.00858987 -0.120698 0.0203659 0.995108 0.0966741 0.119277 -0.0984219 0.987971 0.000609776 -0.00515199 -1.00726
0.962794 0.0121354 -0.269963 0.0314954 0.987144 0.156699 0.268394 -0.159371 0.950034 -0.0143502 -0.00737632 -1.02653
0.99381 -0.00458799 -0.111 -0.00487882 0.996381 -0.0848651 0.110987 0.0848813 0.99019 0.0367324 -0.0541101 -1.03202
0.84741 0.0710073 0.526169 0.0529219 0.974785 -0.216781 -0.528294 0.211548 0.822285 0.125571 -0.0786697 -1.04165
0.999998 -0.00148236 0.00152084 0.00169457 0.988584 -0.150658 -0.00128015 0.15066 0.988585 0.0428209 -0.0503787 -0.94994
0.988 -0.0273812 0.152009 -0.000569536 0.983509 0.18086 -0.154455 -0.178776 0.971691 0.0388204 -5.20639e-05 -0.974774
0.999411 -0.0044329 0.034039 0.0052673 0.999687 -0.0244627 -0.0339199 0.0246276 0.999121 -0.00821984 -0.0242704 -0.985676
0.915434 -0.0189584 -0.402022 -0.00742586 0.997924 -0.063969 0.4024 0.0615447 0.913393 -0.0709062 -0.0282756 -1.00722
0.99996 -0.00673609 0.00588346 0.00739804 0.992639 -0.120888 -0.00502584 0.120926 0.992649 -0.00477652 -0.0260072 -0.981018
0.958438 -0.00564541 0.285246 0.0280026 0.996838 -0.0743609 -0.283924 0.0792579 0.955565 0.0307884 -0.00436238 -1.00649
0.99002 -0.0216964 0.139245 0.00528771 0.993101 0.117144 -0.140826 -0.115239 0.983305 -0.00909665 0.0313244 -1.01165
0.988429 0.0131445 -0.151112 0.0142175 0.983823 0.178576 0.151014 -0.178658 0.972253 -0.0694642 0.0391321 -1.03333
0.963691 0.0159411 -0.266545 0.00380837 0.997294 0.0734137 0.266994 -0.0717632 0.961022 -0.084379 0.014713 -1.05682
0.970241 0.0099511 0.241938 0.00497127 0.998126 -0.06099 -0.242091 0.0603777 0.968373 -0.0308347 -0.0110461 -1.06843
0.988832 0.00233987 -0.149016 0.0012501 0.999711 0.0239929 0.149029 -0.0239113 0.988544 -0.102266 -0.0114382 -1.08337
0.850973 -0.0605033 -0.521712 -0.0742489 0.969508 -0.233543 0.519934 0.237475 0.820533 -0.151081 -0.0474159 -1.12906
0.958209 -0.0158979 -0.285626 -0.0199159 0.992325 -0.122046 0.285374 0.122634 0.950538 -0.0833621 -0.017931 -1.10139
0.788749 -0.018199 -0.614446 -0.0230038 0.997988 -0.0590883 0.614285 0.0607405 0.786743 -0.0424536 0.0177173 -1.19359
0.677613 -0.122084 0.725215 -0.128422 0.95133 0.280141 -0.724119 -0.282961 0.628955 0.198404 0.081175 -0.989673
0.95291 -0.0082872 0.30314 -0.013152 0.997557 0.068614 -0.302968 -0.0693699 0.950473 0.0815254 0.0204196 -0.734721
0.988411 -0.00776543 -0.151603 -0.00513523 0.996409 -0.0845183 0.151715 0.0843173 0.984821 0.0151311 -0.00854143 -0.804383
0.992498 -0.0110415 -0.121758 0.00167146 0.997046 -0.0767908 0.122247 0.0760112 0.989585 0.0290999 -0.00652332 -0.851619
0.995239 -0.00570563 0.0973015 0.00924375 0.999311 -0.0359505 -0.0970293 0.0366788 0.994605 0.0673687 0.00559853 -0.890542
0.998676 -0.011141 0.0502127 0.00962623 0.999494 0.0303086 -0.0505249 -0.0297851 0.998279 0.0686456 0.0213159 -0.922082
0.999962 -0.00157232 -0.00855153 0.0026735 0.991467 0.130327 0.00827365 -0.130345 0.991434 0.0751944 0.032084 -0.950086
0.948126 0.0013302 0.317893 -0.00370027 0.99997 0.00685186 -0.317874 -0.00767271 0.948102 0.115551 0.0117224 -0.963536
