1 0 0 0 1 0 0 0 1 0 0 0
-0.333333 -0.666667 0.666667 -0.666667 -0.333333 -0.666667 0.666667 -0.666667 -0.333333 0.57735 -0.57735 -0.57735
0.999985 -0.00511377 -0.00210739 0.00511449 0.999987 0.000334959 0.00210565 -0.000345732 0.999998 -0.14929 -0.0422243 -0.987891
0.999991 0.000582455 -0.0043052 -0.000581711 1 0.000174043 0.0043053 -0.000171537 0.999991 0.0538806 -0.0575726 -0.996886
0.999989 -0.000406774 -0.00456517 0.00040078 0.999999 -0.00131376 0.0045657 0.00131191 0.999989 0.0336687 -0.0439904 -0.998464
0.999989 0.00133015 -0.00445848 -0.00133283 0.999999 -0.000597953 0.00445768 0.000603889 0.99999 0.0795698 -0.0117976 -0.996759
0.999997 -0.000229943 -0.00248424 0.0002286 1 -0.000541068 0.00248436 0.000540498 0.999997 -0.0410913 -0.00992735 -0.999106
0.999998 0.00195605 -0.000918912 -0.0019569 0.999998 -0.000923073 0.000917104 0.000924869 0.999999 -0.0881341 -0.00925692 -0.996066
0.999985 0.00242606 -0.0048446 -0.00243582 0.999995 -0.00200919 0.00483971 0.00202097 0.999986 -0.0796353 0.0248872 -0.996513
0.999985 0.00033165 -0.005393 -0.000324221 0.999999 0.00137829 0.00539345 -0.00137652 0.999985 0.0484158 -0.00183969 -0.998826
0.999983 -0.000565588 -0.00573496 0.000582161 0.999996 0.00288848 0.0057333 -0.00289177 0.999979 -0.0129478 0.00148045 -0.999915
0.999999 -0.000992313 0.000427684 0.000992121 0.999999 0.000449171 -0.00042813 -0.000448746 1 -0.189602 0.0460716 -0.98078
1 0.000943343 6.68625e-05 -0.000943319 0.999999 -0.000357872 -6.72e-05 0.000357809 1 -0.133543 -0.0293628 -0.990608
1 -0.000564968 -0.000533417 0.000564656 1 -0.000584415 0.000533747 0.000584114 1 -0.0760128 0.0035125 -0.997101
0.999984 -0.00563932 0.000538642 0.0056388 0.999984 0.000958351 -0.000544038 -0.000955298 0.999999 -0.115613 -0.025519 -0.992967
0.999988 -0.0042908 0.00218449 0.00429244 0.999991 -0.000746851 -0.00218127 0.000756219 0.999997 -0.202344 0.0606239 -0.977436
0.999938 -0.000464003 -0.0111396 0.000454851 1 -0.000824108 0.01114 0.00081899 0.999938 0.203494 -0.00339323 -0.97907
0.999968 0.00797531 -0.000164712 -0.00797585 0.999962 -0.00354355 0.000136445 0.00354476 0.999994 -0.0516291 -0.0404676 -0.997846
0.999911 0.00110566 -0.0132726 -0.00113023 0.999998 -0.00184451 0.0132706 0.00185935 0.99991 0.190634 -0.0300273 -0.981202
0.999998 0.000947116 -0.00150504 -0.000947506 1 -0.000258226 0.00150479 0.000259652 0.999999 -0.0304881 -0.01525 -0.999419
0.999994 -0.00329444 -0.00144988 0.00329375 0.999994 -0.000474244 0.00145144 0.000469465 0.999999 -0.106879 0.0336945 -0.993701
0.999998 -0.00160327 -0.000841918 0.00160443 0.999998 0.00137466 0.000839712 -0.001376 0.999999 -0.00807579 -0.0097601 -0.99992
0.999937 -0.00921185 -0.00635305 0.00922313 0.999956 0.00174823 0.00633666 -0.00180671 0.999978 0.101186 0.052 -0.993508
0.999981 0.00607587 0.000518798 -0.00607509 0.99998 -0.00148685 -0.000527822 0.00148367 0.999999 -0.0323617 -0.0419317 -0.998596
0.999999 0.000777942 -0.00138968 -0.000780605 0.999998 -0.00191703 0.00138818 0.00191811 0.999997 -0.0693032 -0.00177717 -0.997594
1 -0.000939377 -0.000238999 0.000939053 0.999999 -0.00135148 0.000240269 0.00135126 0.999999 -0.0316505 0.00501132 -0.999486
0.999998 0.00209081 -0.000723324 -0.00208929 0.999996 0.00209626 0.000727704 -0.00209475 0.999998 0.0403627 -0.0573594 -0.997537
0.993988 -0.000672001 0.109485 0.00161105 0.999963 -0.00848877 -0.109475 0.00861412 0.993952 -0.993471 0.113663 0.00979389
0.999991 -0.00414752 1.55351e-05 0.00414742 0.999983 0.00412453 -3.26414e-05 -0.00412443 0.999991 -0.0395534 0.0151306 -0.999103
0.999998 -0.00163841 0.00129455 0.00163693 0.999998 0.00113892 -0.00129641 -0.0011368 0.999999 -0.0014806 0.0403469 -0.999185
0.999995 -0.00153783 0.00272206 0.00153837 0.999999 -0.000195504 -0.00272176 0.00019969 0.999996 -0.0542181 0.0404564 -0.997709
0.999987 0.00308559 0.00397875 -0.00307462 0.999991 -0.0027623 -0.00398724 0.00275003 0.999988 -0.0815545 -0.0318357 -0.99616
0.999992 0.00105993 -0.00377676 -0.00108178 0.999983 -0.00578894 0.00377056 0.00579298 0.999976 0.105231 -0.00690407 -0.994424
0.99999 -0.00423004 0.00173646 0.00423506 0.999987 -0.00289956 -0.00172417 0.00290689 0.999994 -0.0556686 0.0134762 -0.998358
0.999983 -0.00567672 -0.00136626 0.00567885 0.999983 0.0015586 0.00135739 -0.00156633 0.999998 0.115163 0.0282391 -0.992945
0.999987 -0.00427929 0.0026078 0.00426148 0.999968 0.00679434 -0.00263679 -0.00678315 0.999974 -0.140103 -0.0504328 -0.988852
0.999984 -0.00564414 -0.000333606 0.00564535 0.999977 0.00376584 0.000312344 -0.00376766 0.999993 -0.0804028 -0.00826346 -0.996728
0.999973 -0.00728153 0.00102509 0.00728123 0.999973 0.000295316 -0.00102721 -0.000287845 0.999999 -0.131897 -0.0328379 -0.990719
0.999985 0.0040485 -0.00356236 -0.00406287 0.999984 -0.00403657 0.00354596 0.00405098 0.999986 0.0829956 -0.0700207 -0.994087
0.999999 0.000161125 0.00147038 -0.000155692 0.999993 -0.0036937 -0.00147097 0.00369347 0.999992 -0.065149 -0.0354372 -0.997246
0.999902 -0.0027169 -0.0137365 0.00264595 0.999983 -0.00518072 0.0137503 0.00514387 0.999892 0.398364 0.187068 -0.897949
0.999994 0.00118389 -0.00320759 -0.00118611 0.999999 -0.000689231 0.00320677 0.000693032 0.999995 0.0601257 0.0233898 -0.997917
0.999989 -0.00138076 -0.00443426 0.00138425 0.999999 0.000783117 0.00443317 -0.000789247 0.99999 0.0312867 0.0686028 -0.997153
1 -0.000126149 -0.000592884 0.000126722 1 0.000966086 0.000592762 -0.000966161 0.999999 -0.0255215 -0.00356642 -0.999668
1 -0.000130501 -0.000734083 0.00013189 0.999998 0.00189246 0.000733835 -0.00189256 0.999998 -0.0828829 0.0268383 -0.996198
0.999998 -0.00173266 0.00136135 0.00172879 0.999994 0.0028424 -0.00136627 -0.00284004 0.999995 -0.0809027 -0.0253856 -0.996399
0.999984 0.00538328 0.00151274 -0.0053886 0.999979 0.003534 -0.00149369 -0.00354209 0.999993 -0.0915601 -0.0260039 -0.99546
0.999996 -0.00294139 -4.34577e-05 0.00294137 0.999996 -0.000488259 4.48936e-05 0.000488129 1 -0.0488464 -0.0162407 -0.998674
0.999985 0.00540295 -2.60337e-05 -0.00540299 0.999984 -0.00151782 1.78326e-05 0.00151794 0.999999 0.0931434 -0.0491404 -0.994439
0.999981 0.0060393 -0.00149596 -0.0060396 0.999982 -0.000201733 0.00149471 0.000210764 0.999999 0.0274919 -0.0899458 -0.995567
0.999991 0.00405731 0.000942359 -0.00405662 0.999992 -0.000734168 -0.000945329 0.000730339 0.999999 -0.00318738 -0.0333094 -0.99944
0.999997 -0.00252448 0.000600761 0.00252356 0.999996 0.00152789 -0.000604616 -0.00152636 0.999999 -0.11661 -0.00474379 -0.993166
0.999987 0.00100811 -0.00495725 -0.000995743 0.999996 0.00249706 0.00495975 -0.00249209 0.999985 0.122917 -0.0555581 -0.990861
0.999998 -0.00104454 0.00150212 0.00104845 0.999996 -0.00260248 -0.0014994 0.00260405 0.999995 -0.0504724 0.00401328 -0.998717
0.999996 0.000938319 0.00264365 -0.000927647 0.999991 -0.00403504 -0.00264742 0.00403257 0.999988 -0.0495542 -0.0344278 -0.998178
0.99997 0.00450903 -0.0062803 -0.00450819 0.99999 0.00014741 0.0062809 -0.000119092 0.99998 0.118051 -0.0724372 -0.990362
0.999998 0.0012156 0.00165998 -0.00122148 0.999993 0.00354031 -0.00165566 -0.00354233 0.999992 -0.0593415 -0.0516173 -0.996902
0.999998 -0.00123458 0.00150139 0.0012304 0.999995 0.00277915 -0.00150481 -0.0027773 0.999995 0.00254629 -0.0194812 -0.999807
0.999999 -0.00127555 0.000221927 0.00127558 0.999999 -0.000124497 -0.000221768 0.00012478 1 -0.0234563 0.00617878 -0.999706
0.999998 -0.00202137 2.27051e-05 0.00202138 0.999998 -0.000544417 -2.16046e-05 0.000544462 1 -0.00248998 -0.032021 -0.999484
0.999981 -0.00596455 -0.0015502 0.00595877 0.999975 -0.00370753 0.00157227 0.00369822 0.999992 0.00325171 0.0522682 -0.998628
0.999999 0.00106493 -0.000988159 -0.00106483 0.999999 9.84324e-05 0.000988264 -9.73801e-05 1 -0.00836844 -0.00981334 -0.999917
0.999996 -0.0019716 -0.00196968 0.0019821 0.999984 0.0053438 0.00195911 -0.00534768 0.999984 0.0211141 -0.0653837 -0.997637
0.999999 0.00105513 0.000436186 -0.00105744 0.999985 0.00532942 -0.000430557 -0.00532987 0.999986 0.0115255 -0.0386074 -0.999188
0.999999 4.14478e-05 -0.0012931 -3.89624e-05 0.999998 0.00192201 0.00129318 -0.00192195 0.999997 0.000902771 0.0132094 -0.999912
0.999998 0.00220498 -1.81907e-05 -0.00220504 0.999987 -0.00459933 8.04907e-06 0.00459935 0.999989 -0.118025 0.000561228 -0.99301
0.999995 0.0033122 4.00187e-05 -0.00331182 0.999968 -0.00732973 -6.42949e-05 0.00732956 0.999973 -0.0843011 -0.0313662 -0.995947
0.999999 -0.00116604 -0.000132158 0.00116521 0.99998 -0.0061414 0.000139317 0.00614124 0.999981 -0.0917828 0.0324812 -0.995249
0.99998 0.00635832 0.000469125 -0.00635866 0.99998 0.00073666 -0.000464431 -0.000739628 1 -0.117885 -0.0242692 -0.992731
0.999997 0.00193323 -0.00137813 -0.00193334 0.999998 -7.73789e-05 0.00137797 8.00431e-05 0.999999 -0.0822868 0.0451933 -0.995583
0.999803 0.00507999 -0.0192122 -0.00499413 0.999977 0.00451431 0.0192347 -0.00441747 0.999805 0.503344 -0.115094 -0.856387
0.999999 -8.32429e-05 -0.00133129 8.28049e-05 1 -0.000329056 0.00133132 0.000328946 0.999999 -0.00345892 0.00731934 -0.999967
0.999999 0.00139356 0.000581573 -0.00139386 0.999999 0.000522485 -0.000580844 -0.000523295 1 -0.0860559 -0.00105885 -0.99629
1 0.000377829 0.00047355 -0.000377828 1 -1.77411e-06 -0.00047355 1.59519e-06 1 -0.130839 0.00441645 -0.991394
1 0.000246101 3.42631e-05 -0.00024614 0.999999 0.00114417 -3.39815e-05 -0.00114418 0.999999 -0.111042 -0.046558 -0.992725
0.999999 -0.000919696 0.000622817 0.000920151 0.999999 -0.000730074 -0.000622145 0.000730646 1 -0.131684 0.0476139 -0.990148
0.999995 0.00302366 -0.000813055 -0.003021 0.99999 0.00325063 0.000822876 -0.00324816 0.999994 -0.0125774 -0.0171928 -0.999773
0.999997 0.00165052 -0.00181438 -0.00164299 0.99999 0.00414684 0.00182121 -0.00414385 0.99999 0.117702 -0.0575567 -0.99138
0.999997 0.00257857 -0.000200376 -0.00257815 0.999995 0.00207045 0.000205714 -0.00206992 0.999998 -0.0930279 -0.0270424 -0.995296
0.999998 0.00214782 -0.000162303 -0.00214868 0.999983 -0.00547898 0.000150532 0.00547931 0.999985 -0.108328 0.00925541 -0.994072
0.999995 0.000927717 0.00314441 -0.000908708 0.999981 -0.00604151 -0.00314996 0.00603862 0.999977 -0.23004 -0.0557125 -0.971585
0.999997 -0.000263853 -0.00243675 0.000249099 0.999982 -0.00605275 0.0024383 0.00605212 0.999979 0.0335884 0.0102775 -0.999383
0.999996 0.000656925 0.002772 -0.000647996 0.999995 -0.00322077 -0.0027741 0.00321896 0.999991 -0.156974 0.0586194 -0.985861
0.999994 0.00338088 0.000802691 -0.0033838 0.999988 0.00366897 -0.000790277 -0.00367167 0.999993 0.0982639 -0.0234947 -0.994883
0.999991 -0.00110403 0.00408108 0.00110455 0.999999 -0.000123764 -0.00408094 0.00012827 0.999992 -0.280839 0.0693392 -0.957247
0.999996 -0.00260272 0.000679174 0.00260507 0.999991 -0.00348239 -0.000670104 0.00348415 0.999994 0.06536 -0.00886917 -0.997822
0.999932 -0.00464887 -0.0107403 0.00464485 0.999989 -0.000399098 0.010742 0.000349184 0.999942 0.297533 -0.17251 -0.938997
0.999986 -0.00298589 0.00430361 0.00300666 0.999984 -0.00482805 -0.00428912 0.00484092 0.999979 -0.0436939 0.0037426 -0.999038
0.999981 0.00341619 0.00511576 -0.00341176 0.999994 -0.000873843 -0.00511871 0.000856372 0.999987 -0.0631153 0.0138779 -0.99791
0.999971 0.00611838 0.00463298 -0.00613008 0.999978 0.00251632 -0.00461748 -0.00254464 0.999986 -0.00518478 -0.00425644 -0.999978
0.999976 -0.00112994 0.00688345 0.00110681 0.999994 0.00336437 -0.00688721 -0.00335667 0.999971 -0.126185 -0.0132159 -0.991919
0.99992 -0.00380381 0.0120853 0.00377541 0.99999 0.00237237 -0.0120942 -0.00232656 0.999924 -0.283582 0.0512377 -0.957578
0.999969 -0.00465703 -0.00632105 0.00468757 0.999977 0.00482534 0.00629844 -0.00485482 0.999968 0.47697 -0.0624194 -0.876701
0.999916 0.00396535 0.0123377 -0.00396199 0.999992 -0.000297313 -0.0123388 0.000248406 0.999924 0.0302468 -0.00819301 -0.999509
0.999858 0.00442199 0.0162828 -0.00439589 0.999989 -0.001638 -0.0162898 0.00156619 0.999866 -0.0943238 0.0366994 -0.994865
0.999887 0.0064183 0.0135869 -0.00643873 0.999978 0.00146043 -0.0135772 -0.00154775 0.999907 0.150253 -0.0520402 -0.987277
0.999698 -0.00241032 0.0244634 0.00239864 0.999997 0.000507109 -0.0244645 -0.000448277 0.999701 -0.181268 -0.00735432 -0.983406
0.999659 -0.00251206 0.0260005 0.00246532 0.999995 0.00182947 -0.0260049 -0.00176474 0.99966 0.0548223 -0.0205862 -0.998284
0.999997 -0.00020428 0.00259399 0.000189062 0.999983 0.0058653 -0.00259514 -0.00586479 0.999979 0.791786 -0.138068 -0.594989
0.999708 0.000925248 0.0241388 -0.000874453 0.999997 -0.00211475 -0.0241407 0.00209302 0.999706 0.353464 0.119774 -0.927749
0.999276 -0.000715452 0.0380297 0.00061946 0.999997 0.00253585 -0.0380314 -0.00251046 0.999273 0.0342291 -0.083521 -0.995918
0.999096 -0.00075536 0.0425129 0.000687517 0.999998 0.00161042 -0.0425141 -0.00157973 0.999095 -0.168158 -0.0872078 -0.981895
0.999072 -0.000412983 0.0430793 0.00042902 1 -0.000363009 -0.0430792 0.000381154 0.999072 0.187373 0.00378199 -0.982282
0.998941 0.00300388 0.0459156 -0.00292551 0.999994 -0.00177379 -0.0459207 0.00163758 0.998944 0.24427 -0.0274357 -0.969319
0.998561 9.949e-05 0.0536238 2.04611e-05 0.999997 -0.00223635 -0.0536239 0.00223423 0.998559 0.199481 -0.0279149 -0.979504
0.998419 7.89112e-05 0.0562134 1.25684e-05 0.999999 -0.00162701 -0.0562135 0.00162514 0.998417 0.216144 -0.011382 -0.976295
0.997964 -0.000476287 0.0637735 0.000493918 1 -0.0002607 -0.0637734 0.000291668 0.997964 0.084312 -0.0646426 -0.99434
0.997563 -0.00180757 0.069746 0.0018491 0.999998 -0.000530913 -0.0697449 0.000658587 0.997565 0.00790839 -0.0570461 -0.99834
0.997741 -0.00244935 0.0671368 0.00260526 0.999994 -0.00223482 -0.0671309 0.00240468 0.997741 0.151865 0.020654 -0.988185
0.99759 -0.000217168 0.0693859 0.000325262 0.999999 -0.00154657 -0.0693855 0.00156542 0.997589 0.0587769 0.00337922 -0.998265
0.997355 0.000824211 0.0726846 -0.000838346 1 0.000163956 -0.0726844 -0.000224457 0.997355 -0.0370493 0.0439384 -0.998347
0.996692 0.00163715 0.08125 -0.00191106 0.999993 0.0032935 -0.0812441 -0.00343788 0.996688 -0.301949 -0.0600107 -0.951433
0.997881 -0.000919286 0.0650645 0.000880061 0.999999 0.00063152 -0.0650651 -0.000572921 0.997881 0.151796 -0.0168323 -0.988268
0.99787 -0.00296227 0.065165 0.00302714 0.999995 -0.000896668 -0.065162 0.00109202 0.997874 0.0471311 -0.00577746 -0.998872
0.997894 -0.00512357 0.0646685 0.00531227 0.999982 -0.00274627 -0.0646533 0.00308402 0.997903 -0.00597021 0.0688648 -0.997608
0.998449 0.00197982 0.0556461 -0.00199978 0.999998 0.000302956 -0.0556454 -0.000413765 0.998451 0.174392 -0.0557701 -0.983096
0.998373 1.31355e-05 0.0570196 0.000273284 0.999987 -0.00501537 -0.0570189 0.0050228 0.99836 0.0249982 0.113989 -0.993167
0.998723 -0.000293951 0.0505248 0.000444904 0.999995 -0.00297648 -0.0505237 0.00299516 0.998718 0.133136 0.0420101 -0.990207
0.998904 -0.00614998 0.0464057 0.00615534 0.999981 2.74091e-05 -0.0464049 0.000258264 0.998923 0.2366 -0.0148033 -0.971494
0.99903 -0.0158466 0.0410725 0.0157519 0.999872 0.00262867 -0.0411089 -0.00197915 0.999153 0.238758 0.0237475 -0.970789
0.999294 -0.00655802 0.0369841 0.0065208 0.999978 0.00112703 -0.0369907 -0.000885065 0.999315 0.150533 0.0453429 -0.987565
0.999451 0.00198903 0.0330743 -0.00189353 0.999994 -0.00291841 -0.0330799 0.00285418 0.999449 0.166364 -0.0392692 -0.985282
0.999485 0.0109354 0.0301684 -0.0107861 0.999929 -0.00510769 -0.0302221 0.00477966 0.999532 0.096228 -0.0427989 -0.994439
0.999543 0.00487545 0.0298316 -0.00477081 0.999982 -0.00357762 -0.0298485 0.00343366 0.999549 -0.0196159 -0.0342039 -0.999222
0.999637 -0.00134784 0.0269005 0.00145283 0.999991 -0.00388358 -0.0268951 0.00392125 0.999631 0.0254994 0.034444 -0.999081
0.999683 -0.00464743 0.0247547 0.00471585 0.999985 -0.00270621 -0.0247418 0.00282209 0.99969 0.0724467 -0.00221295 -0.99737
0.999753 -0.0102784 0.0197178 0.0104398 0.999913 -0.0081009 -0.0196328 0.00830475 0.999773 0.0725663 0.0416044 -0.996495
0.999821 -0.00407886 0.0184991 0.00420997 0.999966 -0.00705418 -0.0184697 0.0071308 0.999804 0.10296 0.0222211 -0.994437
0.999831 0.00481463 0.0177157 -0.00479063 0.999988 -0.00139703 -0.0177223 0.00131193 0.999842 0.109919 0.044207 -0.992957
0.999839 0.00714161 0.0164474 -0.00722957 0.99996 0.00529461 -0.0164089 -0.00541267 0.999851 -0.0127071 -0.0650408 -0.997802
0.99991 0.00103452 0.0133667 -0.00109161 0.99999 0.0042643 -0.0133621 -0.00427851 0.999902 0.0657213 -0.0538723 -0.996383
0.999928 -0.00235305 0.0117369 0.00233116 0.999996 0.00187837 -0.0117412 -0.00185087 0.999929 0.102465 0.00837042 -0.994701
0.999902 -0.00899623 0.0107685 0.00899337 0.99996 0.000313384 -0.0107709 -0.000216508 0.999942 0.130658 0.0751053 -0.988579
0.999935 -0.000593397 0.011366 0.000593151 1 2.4946e-05 -0.011366 -1.82026e-05 0.999935 -0.0195833 -0.0356274 -0.999173
0.99997 -0.00371484 0.00675272 0.00371044 0.999993 0.000664753 -0.00675514 -0.000639678 0.999977 0.0642737 -0.0373453 -0.997233
0.999981 -0.000414159 0.00621342 0.000416866 1 -0.000434361 -0.00621324 0.000436943 0.999981 -0.0368666 -0.0129773 -0.999236
0.999996 -0.00120945 0.00261284 0.0012139 0.999998 -0.00170026 -0.00261078 0.00170342 0.999995 0.178258 -0.00399822 -0.983976
0.999986 0.000584027 0.00531654 -0.000584313 1 5.2418e-05 -0.00531651 -5.55238e-05 0.999986 0.0759991 -0.0670027 -0.994854
0.99997 -0.0037867 0.00675994 0.00378787 0.999993 -0.000159868 -0.00675929 0.000185469 0.999977 -0.148372 -0.0237581 -0.988646
0.999986 0.00173272 0.00498892 -0.00172904 0.999998 -0.00074321 -0.00499019 0.000734574 0.999987 -0.0641809 0.0174902 -0.997785
0.999988 -0.00348087 0.00356398 0.00348283 0.999994 -0.000542776 -0.00356207 0.000555182 0.999994 -0.0388145 0.0298026 -0.998802
0.999989 -0.00114734 0.00451928 0.00115041 0.999999 -0.000677322 -0.0045185 0.000682514 0.99999 -0.0760035 0.0271651 -0.996737
0.999999 -0.000250594 0.00153443 0.000252321 0.999999 -0.0011258 -0.00153415 0.00112618 0.999998 -0.0132262 0.0358929 -0.999268
0.999999 -0.000865968 0.000747809 0.000866727 0.999999 -0.00101511 -0.000746929 0.00101575 0.999999 -0.0598934 0.0417227 -0.997332
0.999998 -0.00168113 -0.0013591 0.00168154 0.999999 0.000300222 0.0013586 -0.000302507 0.999999 0.00209466 -0.0147451 -0.999889
0.999998 -0.000548818 -0.00168942 0.000551226 0.999999 0.00142547 0.00168864 -0.0014264 0.999998 -0.105289 -0.0572009 -0.992795
0.999981 -0.0033749 -0.00514101 0.00337944 0.999994 0.000875551 0.00513802 -0.000892908 0.999986 0.028525 0.00582721 -0.999576
1 -0.000376318 -0.000410457 0.000377155 0.999998 0.00204063 0.000409688 -0.00204078 0.999998 -0.140477 -0.0228748 -0.98982
0.99999 0.000224783 -0.0045459 -0.000213792 0.999997 0.00241823 0.00454643 -0.00241724 0.999987 -0.0018447 -0.0453357 -0.99897
0.999992 0.00215839 -0.00338249 -0.00215521 0.999997 0.000943451 0.00338452 -0.000936153 0.999994 -0.0706015 0.0298595 -0.997058
0.999986 0.00415456 -0.00332707 -0.00414722 0.999989 0.00221119 0.00333622 -0.00219736 0.999992 -0.0349777 -0.0585529 -0.997671
0.999995 -0.000416846 -0.00313977 0.000412293 0.999999 -0.00145061 0.00314037 0.00144931 0.999994 -0.0992362 0.0140648 -0.994964
0.999998 0.000670975 -0.00192202 -0.000681821 0.999984 -0.00564766 0.0019182 0.00564896 0.999982 -0.0831754 0.0256662 -0.996204
0.999985 0.00544113 -0.000985209 -0.00544791 0.999961 -0.00701025 0.000947026 0.00701551 0.999975 -0.043307 0.0225321 -0.998808
1 0.000462784 -8.10408e-05 -0.000463096 0.999992 -0.00389526 7.92376e-05 0.0038953 0.999992 -0.0343273 0.0282108 -0.999012
0.999998 -0.00200802 -6.55554e-05 0.00200789 0.999996 -0.00195823 6.94873e-05 0.0019581 0.999998 -0.0352379 0.0747504 -0.996579
0.99999 0.00422676 -0.00118275 -0.0042247 0.99999 0.00174167 0.0011901 -0.00173666 0.999998 -0.00966588 -0.0206776 -0.999739
1 -0.000575053 -9.29961e-05 0.000575151 0.999999 0.00105865 9.23873e-05 -0.00105871 0.999999 -0.00824369 -0.00898002 -0.999926
0.999997 0.00263549 -6.75276e-05 -0.00263548 0.999997 0.000100616 6.77926e-05 -0.000100438 1 -0.0562904 -0.00692377 -0.99839
0.999994 0.00327692 0.00117946 -0.00327727 0.999995 0.000297949 -0.00117848 -0.000301813 0.999999 -0.0479534 -0.0265482 -0.998497
0.999993 0.00336253 -0.0013025 -0.00336287 0.999994 -0.000261665 0.00130161 0.000266044 0.999999 0.00582508 -0.0344469 -0.99939
0.999983 0.0055051 0.00213048 -0.00550258 0.999984 -0.00118296 -0.00213696 0.00117122 0.999997 -0.0371174 -0.0112928 -0.999247
0.99999 0.00273311 0.00341605 -0.00273129 0.999996 -0.000539065 -0.00341751 0.00052973 0.999994 0.0140038 -0.00413738 -0.999893
0.999998 0.00101106 0.00191893 -0.00101309 0.999999 0.00105841 -0.00191786 -0.00106035 0.999998 0.0375809 -0.0108751 -0.999234
0.999961 0.000920576 0.00875334 -0.00092586 0.999999 0.000599632 -0.00875278 -0.000607713 0.999962 -0.101188 0.0231161 -0.994599
0.999972 0.00518714 0.00539088 -0.00520201 0.999983 0.00274923 -0.00537652 -0.0027772 0.999982 0.0126181 -0.0360631 -0.99927
0.99999 -0.000427382 0.00446837 0.00043271 0.999999 -0.00119159 -0.00446785 0.00119351 0.999989 0.0922214 -0.000575836 -0.995738
0.999966 -0.00104407 0.00815047 0.00104383 0.999999 3.36708e-05 -0.0081505 -2.51619e-05 0.999967 -0.00936481 -0.0306033 -0.999488
0.999927 0.00372457 0.0115237 -0.00372525 0.999993 3.81724e-05 -0.0115235 -8.10982e-05 0.999934 -0.0164328 -0.0219527 -0.999624
0.999939 -0.00226837 0.0108075 0.00226852 0.999997 -1.67291e-06 -0.0108075 2.619e-05 0.999942 -0.0283048 0.0149414 -0.999488
0.999941 0.0040933 0.0100789 -0.00411139 0.99999 0.00177454 -0.0100715 -0.00181588 0.999948 0.0219021 -0.0489312 -0.998562
0.99993 -0.00360538 0.0112995 0.00360904 0.999993 -0.00030341 -0.0112983 0.000344169 0.999936 0.00417438 0.0113125 -0.999927
0.999949 -0.00119272 0.00998611 0.00120304 0.999999 -0.00102754 -0.00998487 0.0010395 0.99995 0.0187213 -0.0030162 -0.99982
0.999943 0.000245764 0.0107202 -0.000241947 1 -0.000357349 -0.0107203 0.000354735 0.999942 0.0438754 -0.0311062 -0.998553
0.999919 2.57729e-05 0.0127459 4.81495e-06 0.999997 -0.00239978 -0.0127459 0.00239964 0.999916 -0.0796848 0.027521 -0.99644
0.999923 0.0015107 0.0122927 -0.00149605 0.999998 -0.00120029 -0.0122945 0.0011818 0.999924 -0.0386577 -0.0195121 -0.999062
0.999952 -0.00186175 0.00961129 0.00187991 0.999996 -0.0018805 -0.00960776 0.00189848 0.999952 -0.0239189 0.0164607 -0.999578
0.999874 -0.00128165 0.0158278 0.00130178 0.999998 -0.0012616 -0.0158262 0.00128204 0.999874 -0.22512 0.0359394 -0.973668
0.999968 -0.00152276 0.00789803 0.00152727 0.999999 -0.000565442 -0.00789716 0.000577486 0.999969 0.0424758 0.000685356 -0.999097
0.999951 0.00126851 0.00977643 -0.00128765 0.999997 0.00195092 -0.00977393 -0.00196341 0.99995 -0.0279153 -0.0564393 -0.998016
0.999978 -0.000950546 0.00654518 0.000931596 0.999995 0.0028976 -0.0065479 -0.00289144 0.999974 0.0355102 -0.0575764 -0.997709
0.999989 -0.0029034 0.00361645 0.00289941 0.999995 0.00110968 -0.00361965 -0.00109919 0.999993 0.0362855 0.0126417 -0.999262
0.999984 -0.00216018 0.00531948 0.00215333 0.999997 0.00129347 -0.00532226 -0.001282 0.999985 -0.0778569 0.000217672 -0.996965
0.999985 -0.00247641 0.0049547 0.00247811 0.999997 -0.000336354 -0.00495386 0.000348627 0.999988 -0.0795453 0.0134365 -0.996741
0.999988 0.00142735 0.0047383 -0.00142725 0.999999 -2.47077e-05 -0.00473833 1.79447e-05 0.999989 -0.0766669 0.00174512 -0.997055
0.999989 0.00132577 0.00459265 -0.00132659 0.999999 0.000175655 -0.00459241 -0.000181745 0.999989 -0.130546 -0.0698959 -0.988975
0.999999 -0.00039341 0.000961168 0.000392433 0.999999 0.00101637 -0.000961567 -0.001016 0.999999 -0.0622753 -0.102868 -0.992744
0.999999 0.000405275 -0.00151646 -0.000405542 1 -0.000175568 0.00151639 0.000176183 0.999999 -0.0772913 -0.0879096 -0.993125
0.999989 0.00292579 -0.00373787 -0.00292739 0.999996 -0.000424332 0.00373661 0.000435269 0.999993 -0.0668208 -0.0200042 -0.997564
0.999977 0.000407509 -0.00682436 -0.000415649 0.999999 -0.00119134 0.00682387 0.00119415 0.999976 -0.077531 -0.015558 -0.996869
0.999941 -0.000295667 -0.0108875 0.000296472 1 7.23897e-05 0.0108875 -7.56133e-05 0.999941 -0.0201514 -0.0202778 -0.999591
0.99988 0.00056338 -0.0154869 -0.000562847 1 3.88056e-05 0.0154869 -3.00842e-05 0.99988 -0.0169557 -0.0203708 -0.999649
0.999847 -0.00242131 -0.0172988 0.00238096 0.999994 -0.00235281 0.0173044 0.00231126 0.999848 -0.0574863 0.00224363 -0.998344
0.999861 0.000666028 -0.0166683 -0.000751982 0.999986 -0.005151 0.0166647 0.00516281 0.999848 -0.184224 0.0755579 -0.979976
0.999787 0.000827081 -0.0206184 -0.000928094 0.999988 -0.00489008 0.0206141 0.00490818 0.999775 -0.189464 0.0444191 -0.980882
0.999664 0.00246286 -0.0257951 -0.00252111 0.999994 -0.00222574 0.0257894 0.00229003 0.999665 -0.146344 -0.000997985 -0.989233
0.999452 0.00101011 -0.033083 -0.000962646 0.999998 0.00145064 0.0330844 -0.001418 0.999452 -0.0531288 -0.0421846 -0.997696
0.999371 0.00235119 -0.0353956 -0.00216892 0.999984 0.00518705 0.0354073 -0.00510702 0.99936 -0.156713 -0.0930431 -0.983252
0.999329 0.00177632 -0.0365897 -0.0016155 0.999989 0.00442413 0.0365971 -0.00436205 0.999321 -0.22465 -0.012608 -0.974358
0.998858 0.00157858 -0.0477497 -0.00129433 0.999981 0.00598337 0.0477582 -0.00591474 0.998841 -0.0391233 -0.0440033 -0.998265
0.999391 0.00235137 -0.0348039 -0.00220945 0.999989 0.00411542 0.0348132 -0.00403601 0.999386 -0.427538 -0.0280551 -0.903562
0.998409 0.00248369 -0.056327 -0.00230853 0.999992 0.0031746 0.0563345 -0.00303952 0.998407 -0.0125172 -0.0596899 -0.998138
0.999845 0.00127318 -0.017537 -0.00119081 0.999988 0.00470613 0.0175428 -0.00468452 0.999835 -0.630522 -0.0579523 -0.774005
0.994948 -0.00589385 -0.100217 0.00537492 0.999971 -0.00544735 0.100246 0.00488118 0.994951 0.714011 0.0554443 -0.697935
0.998127 -0.00138875 -0.0611637 0.00131903 0.999998 -0.00118019 0.0611652 0.0010973 0.998127 -0.231295 -0.101065 -0.96762
0.997665 -0.00382223 -0.0681845 0.00346723 0.99998 -0.00532416 0.0682034 0.00507532 0.997659 -0.0982748 -0.000544183 -0.995159
0.997673 0.000446813 -0.06818 -0.000630553 0.999996 -0.00267343 0.0681786 0.0027102 0.997669 -0.169149 -0.0291912 -0.985158
0.997554 0.00011826 -0.0699035 -9.37068e-05 1 0.000354528 0.0699035 -0.000347111 0.997554 -0.127874 -0.0597245 -0.989991
0.997811 -0.000643483 -0.0661248 0.000573572 0.999999 -0.00107623 0.0661255 0.00103595 0.997811 -0.214237 -0.00542342 -0.976767
0.995442 -0.00127069 -0.0953584 0.000775608 0.999986 -0.00522866 0.0953637 0.00513087 0.995429 0.412533 0.118166 -0.903246
0.997817 -0.00197706 -0.0660142 0.00240897 0.999976 0.00646367 0.0659999 -0.00660858 0.997798 -0.181702 -0.032212 -0.982826
0.997902 -0.000468416 -0.0647364 0.000928497 0.999975 0.00707709 0.0647315 -0.00712235 0.997877 -0.220677 -0.00625758 -0.975327
0.99787 0.00553449 -0.0649958 -0.00535672 0.999981 0.00290912 0.0650106 -0.00255476 0.997881 -0.147694 0.0665895 -0.986789
0.998042 0.00135999 -0.0625354 -0.00100218 0.999983 0.00575264 0.0625421 -0.0056787 0.998026 -0.129958 0.0239316 -0.991231
0.998448 0.00361653 -0.0555728 -0.00333203 0.999981 0.00521116 0.0555905 -0.0050179 0.998441 -0.226882 -0.0295894 -0.973473
0.998676 0.000628404 -0.0514365 -0.000434805 0.999993 0.00377495 0.0514385 -0.00374758 0.998669 -0.0839292 -0.00631903 -0.996452
0.999014 0.00670258 -0.0438875 -0.00660743 0.999975 0.00231265 0.0439019 -0.00202038 0.999034 -0.123882 -0.0309062 -0.991816
0.999301 0.00229251 -0.0373061 -0.00233116 0.999997 -0.000992663 0.0373037 0.00107894 0.999303 -0.0656465 -0.0112424 -0.99778
0.999492 -7.26698e-06 -0.0318752 -3.91696e-05 0.999999 -0.0014562 0.0318751 0.00145671 0.999491 -0.109848 -0.00659057 -0.993927
0.999689 -0.00613727 -0.0241664 0.00611186 0.999981 -0.00112482 0.0241728 0.00097677 0.999707 0.033538 0.0424162 -0.998537
0.99985 -0.00343988 -0.0169912 0.00344428 0.999994 0.000229366 0.0169903 -0.000287854 0.999856 -0.0279619 -0.012436 -0.999532
0.999893 0.00259457 -0.014383 -0.00260461 0.999996 -0.000679607 0.0143812 0.000716997 0.999896 0.0113837 0.00175761 -0.999934
0.999956 0.00438754 -0.00827734 -0.00439239 0.99999 -0.000567525 0.00827477 0.000603857 0.999966 -0.103314 0.024453 -0.994348
0.99996 0.00760485 -0.00471577 -0.00761639 0.999968 -0.00243502 0.0046971 0.00247084 0.999986 -0.10235 0.0114101 -0.994683
0.999994 0.0021458 -0.00281672 -0.00215815 0.999988 -0.0043893 0.00280727 0.00439536 0.999986 -0.0446452 -0.0245144 -0.998702
0.999998 0.00222275 0.000199444 -0.00222235 0.999996 -0.00196228 -0.000203805 0.00196183 0.999998 -0.0958578 -0.0415289 -0.994528
0.99999 -0.00426026 0.00124744 0.00426511 0.999983 -0.00391143 -0.00123076 0.00391671 0.999992 0.0968112 0.0240851 -0.995011
0.999979 -0.00463877 0.00458653 0.00467163 0.999963 -0.00717895 -0.00455306 0.00720022 0.999964 -0.0538928 0.010786 -0.998488
0.999997 0.000579923 0.002445 -0.000569126 0.99999 -0.00441437 -0.00244753 0.00441296 0.999987 0.160693 -0.00677098 -0.986981
0.999978 0.00599755 -0.00283449 -0.00599668 0.999982 0.000315922 0.00283633 -0.000298918 0.999996 0.345047 -0.00632136 -0.938564
0.999947 0.00693512 0.00760498 -0.00696107 0.99997 0.00339186 -0.00758123 -0.00344462 0.999965 -0.0774315 0.00434724 -0.996988
0.999981 0.000579499 0.0060748 -0.000611298 0.999986 0.00523406 -0.00607169 -0.00523768 0.999968 -0.0247133 -0.0191012 -0.999512
0.999994 -0.00152872 0.00310899 0.00150862 0.999978 0.00646015 -0.0031188 -0.00645542 0.999974 0.0611321 -0.0430658 -0.9972
0.999986 -0.00159499 0.00503124 0.00157409 0.99999 0.00415511 -0.00503782 -0.00414713 0.999979 -0.069516 -0.00401717 -0.997573
0.999983 -0.00540065 0.0022683 0.00539956 0.999985 0.000486981 -0.0022709 -0.000474725 0.999997 0.0437176 0.0155527 -0.998923
0.999995 -0.00330083 -0.000318953 0.00330008 0.999992 -0.00230779 0.000326568 0.00230673 0.999997 0.0133626 -0.0379267 -0.999191
0.999994 -0.00335867 -0.000137765 0.0033575 0.999964 -0.00778822 0.000163918 0.00778771 0.99997 -0.0382034 0.021885 -0.99903
0.99999 0.00429548 0.000939669 -0.00428888 0.999967 -0.00691165 -0.000969327 0.00690755 0.999976 -0.050679 0.00400633 -0.998707
0.999992 0.00310351 -0.00255134 -0.0031111 0.999991 -0.00297926 0.00254207 0.00298717 0.999992 -0.0551476 -0.0465505 -0.997392
0.999992 -0.00137741 -0.00380442 0.00138448 0.999997 0.00185635 0.00380185 -0.0018616 0.999991 0.0367985 0.0594575 -0.997552
0.999987 -0.00412448 -0.00300852 0.00414437 0.999969 0.00663282 0.00298107 -0.0066452 0.999973 0.0123499 0.0277367 -0.999539
0.999995 0.00305296 -0.00103686 -0.00304832 0.999985 0.00444424 0.00105041 -0.00444105 0.99999 -0.088686 0.0103892 -0.996005
0.999994 0.0032122 -0.00103408 -0.00321211 0.999995 8.75477e-05 0.00103435 -8.42257e-05 0.999999 -0.0464729 -0.0281505 -0.998523
0.999991 0.00355386 -0.00228932 -0.00356288 0.999986 -0.00394798 0.00227525 0.0039561 0.99999 -0.0409719 -0.0303532 -0.998699
0.999995 -0.000124448 -0.00303888 0.000108203 0.999986 -0.00534517 0.0030395 0.00534482 0.999981 -0.0275262 -0.0305134 -0.999155
0.99999 0.000572609 -0.00446596 -0.00059262 0.99999 -0.00448078 0.00446335 0.00448338 0.99998 0.0473975 0.0506377 -0.997592
0.999991 -0.00315318 -0.00286737 0.00315843 0.999993 0.001829 0.00286158 -0.00183804 0.999994 -0.060604 -0.00946543 -0.998117
0.999996 -0.00264223 -0.0013387 0.00264438 0.999995 0.00160597 0.00133445 -0.0016095 0.999998 -0.0865571 -0.034636 -0.995645
0.999994 -0.00224502 -0.00280369 0.00225258 0.999994 0.00269783 0.00279762 -0.00270413 0.999992 0.0132867 -0.0110193 -0.999851
0.999989 -0.00454513 -0.00089566 0.00454701 0.999987 0.00209934 0.000886107 -0.00210339 0.999997 0.0104119 0.00904473 -0.999905
0.999974 -0.00714676 -0.000241076 0.00714714 0.999973 0.0015936 0.000229681 -0.00159528 0.999999 -0.0393163 -0.00325958 -0.999221
0.999995 0.00309168 0.00110176 -0.00309392 0.999993 0.0020411 -0.00109544 -0.0020445 0.999997 -0.0756338 -0.0189311 -0.996956
0.999993 0.00372424 -0.000441206 -0.00372485 0.999992 -0.00137798 0.000436071 0.00137961 0.999999 0.0588265 -0.0159876 -0.99814
0.999996 0.00283741 0.000442311 -0.00283529 0.999985 -0.00471234 -0.000455675 0.00471107 0.999989 -0.0180533 0.0276745 -0.999454
0.999906 0.0135048 0.00223154 -0.0135031 0.999909 -0.000777452 -0.00224183 0.000747246 0.999997 -0.051943 -0.057753 -0.996979
0.999989 0.0045246 0.00093524 -0.0045252 0.99999 0.000643824 -0.000932317 -0.000648049 0.999999 0.0437025 0.00443144 -0.999035
0.999985 0.0049961 0.00230493 -0.00499911 0.999987 0.0013036 -0.00229838 -0.0013151 0.999996 0.00756725 -0.0213577 -0.999743
1 0.000424319 -0.000226283 -0.000424398 1 -0.000351102 0.000226134 0.000351198 1 0.0639648 -0.0090989 -0.997911
0.999999 -0.00119534 0.00112385 0.00119936 0.999993 -0.00357691 -0.00111957 0.00357825 0.999993 0.00527798 0.0096997 -0.999939
0.999988 -0.00406915 0.00265868 0.00406448 0.99999 0.0017598 -0.00266582 -0.00174898 0.999995 -0.0309474 -0.0261098 -0.99918
0.99997 -0.00773647 0.000265783 0.00773687 0.999969 -0.00152409 -0.000253984 0.0015261 0.999999 0.034357 -0.00766395 -0.99938
0.99999 0.00176407 0.00400744 -0.0017659 0.999998 0.0004537 -0.00400663 -0.000460772 0.999992 -0.0564982 -0.0347531 -0.997798
0.999999 0.000827702 0.00123172 -0.000830176 0.999998 0.00200987 -0.00123005 -0.00201089 0.999997 0.0282202 0.0265909 -0.999248
0.999991 0.00335821 0.0026265 -0.00337512 0.999973 0.00646248 -0.00260472 -0.00647128 0.999976 -0.0588469 -0.0263333 -0.99792
0.999992 0.00384528 -0.000645839 -0.00384232 0.999982 0.00453361 0.000663261 -0.00453109 0.99999 0.00117815 -0.0182275 -0.999833
0.999995 -0.00200143 0.00246363 0.00201342 0.999986 -0.00487346 -0.00245384 0.0048784 0.999985 -0.0661137 -0.0452222 -0.996787
0.999954 -0.00944985 -0.00130867 0.00943097 0.999861 -0.0137494 0.00143842 0.0137365 0.999905 0.0231744 -0.0182499 -0.999565
0.999997 -0.00227843 0.00106021 0.00228841 0.999952 -0.00951572 -0.00103847 0.00951811 0.999954 -0.0353538 -0.0117677 -0.999306
1 -0.000638634 -0.0006506 0.000644924 0.999953 0.00971377 0.000644366 -0.00971419 0.999953 -0.0446802 -0.0028909 -0.998997
0.999997 -0.00229369 -0.000537752 0.00230475 0.999765 0.0215739 0.000488141 -0.0215751 0.999767 -0.0368729 -0.0247511 -0.999013
0.999997 -0.00048613 -0.00239583 0.000522068 0.999887 0.0150226 0.00238826 -0.0150238 0.999884 0.0247642 -0.0130536 -0.999608
0.999999 -0.00106192 -0.000728524 0.00105721 0.999979 -0.00642444 0.000735331 0.00642367 0.999979 -0.0408971 0.00311785 -0.999158
0.999998 0.000758657 -0.00176559 -0.000788204 0.999859 -0.016795 0.0017526 0.0167963 0.999857 -0.0502956 0.0118209 -0.998664
0.999999 0.00102364 -0.000484876 -0.00102712 0.999973 -0.00723184 0.000477461 0.00723233 0.999974 -0.00379811 -0.0404947 -0.999173
0.999976 -0.00553472 -0.00419069 0.00552887 0.999984 -0.00140584 0.00419841 0.00138263 0.99999 0.0453188 0.00793611 -0.998941
0.999996 0.00129582 -0.00249827 -0.00128944 0.999996 0.00255531 0.00250157 -0.00255208 0.999994 -0.0220235 -0.0323558 -0.999234
0.999997 0.000965374 -0.00210507 -0.000966213 0.999999 -0.000397213 0.00210468 0.000399246 0.999998 -0.0112263 -0.0447213 -0.998936
0.999987 0.000655099 -0.00514857 -0.000665784 0.999998 -0.00207398 0.0051472 0.00207738 0.999985 0.0216377 0.010403 -0.999712
0.999973 0.0057932 -0.00454051 -0.00579553 0.999983 -0.00049869 0.00453754 0.000524991 0.99999 0.0369738 -0.0164984 -0.99918
0.999974 0.00676898 -0.00229995 -0.00677125 0.999977 -0.000980354 0.00229326 0.000995902 0.999997 -0.049401 0.00717914 -0.998753
0.999999 9.72577e-05 -0.00118914 -9.5328e-05 0.999999 0.00162275 0.0011893 -0.00162264 0.999998 -0.0571751 -0.00528115 -0.99835
0.999999 0.0010516 -0.000359414 -0.00104979 0.999987 0.00500135 0.000364669 -0.00500097 0.999987 -0.0318739 -0.0182412 -0.999325
0.999998 -0.00145786 -0.00100112 0.00145678 0.999998 -0.0010742 0.00100268 0.00107273 0.999999 0.00180958 -0.0072554 -0.999972
0.99999 -0.00388007 -0.00229843 0.00387421 0.999989 -0.00254786 0.00230829 0.00253893 0.999994 -0.0189012 -0.0433638 -0.998881
0.999972 -0.00603066 -0.00442316 0.00601292 0.999974 -0.00401352 0.00444725 0.00398681 0.999982 0.00592653 -0.00481734 -0.999971
0.999964 -0.00265734 -0.00806878 0.00264336 0.999995 -0.00174264 0.00807337 0.00172125 0.999966 0.0182152 0.0219581 -0.999593
0.999971 -6.15631e-05 -0.00759995 0.000101988 0.999986 0.00531879 0.00759951 -0.00531941 0.999957 0.0306977 0.00822913 -0.999495
0.999988 -0.0026716 -0.00413062 0.00270791 0.999958 0.00881063 0.0041069 -0.00882171 0.999953 -0.190941 -0.0184101 -0.981429
0.999991 -0.00153332 -0.00406378 0.00157413 0.999948 0.010059 0.00404815 -0.0100653 0.999941 -0.0577042 -0.0415247 -0.99747
0.999948 0.00825185 -0.00596547 -0.00824263 0.999965 0.00156798 0.0059782 -0.00151872 0.999981 0.0645206 -0.00683249 -0.997893
0.999998 0.00182756 0.000125173 -0.00182699 0.999989 -0.00443352 -0.000133274 0.00443328 0.99999 -0.15952 -0.0473416 -0.986059
0.999982 -0.00122441 -0.00579672 0.0011621 0.999942 -0.0107402 0.00580954 0.0107333 0.999926 -0.0663699 -0.0203216 -0.997588
0.999965 -0.00337954 -0.00759826 0.00333737 0.999979 -0.0055562 0.00761688 0.00553065 0.999956 0.116727 -0.0193471 -0.992976
0.99997 0.00034323 -0.00769982 -0.000335 0.999999 0.00107015 0.00770018 -0.00106754 0.99997 -0.0103701 -0.0277206 -0.999562
0.999924 0.00771111 -0.00958822 -0.00770018 0.99997 0.00117687 0.00959701 -0.00110295 0.999953 0.0524748 0.0313231 -0.998131
0.99997 0.00477945 -0.00603741 -0.00479897 0.999983 -0.00322372 0.0060219 0.0032526 0.999977 -0.0812944 -0.0100964 -0.996639
0.999943 0.00133778 -0.0105887 -0.0014081 0.999977 -0.00663622 0.0105795 0.00665076 0.999922 0.00946945 0.0103111 -0.999902
0.999944 0.00104215 -0.0105153 -0.00107799 0.999994 -0.0034028 0.0105116 0.00341394 0.999939 0.0435563 0.0227929 -0.998791
0.999974 0.00271672 -0.00664156 -0.00270267 0.999994 0.00212373 0.00664729 -0.00210573 0.999976 -0.00520598 -0.0223185 -0.999737
0.999979 0.00275497 -0.00587098 -0.00271165 0.999969 0.00737282 0.00589111 -0.00735675 0.999956 -0.0457028 -0.0170403 -0.99881
0.99997 0.00252156 -0.00732669 -0.00246914 0.999971 0.00715425 0.00734452 -0.00713594 0.999948 -0.0895184 -0.0567964 -0.994364
0.99999 -0.00180155 -0.00410018 0.00181724 0.999991 0.00382747 0.00409325 -0.00383488 0.999984 -0.0891187 -0.0292381 -0.995592
0.999977 0.00199307 -0.00647019 -0.00198739 0.999998 0.000883688 0.00647193 -0.000870809 0.999979 -0.00835561 0.00633374 -0.999945
0.999968 -0.00646117 -0.0048199 0.00645461 0.999978 -0.00137576 0.00482868 0.00134461 0.999987 -0.0477697 0.0163172 -0.998725
0.999949 -0.00350643 -0.00941938 0.00345383 0.999978 -0.00559455 0.0094388 0.00556173 0.99994 0.203052 0.0623526 -0.977181
0.999956 0.00896577 -0.00262147 -0.00898735 0.999925 -0.0083385 0.00254652 0.0083617 0.999962 -0.0521147 -0.00276445 -0.998637
0.999996 0.00148962 -0.00245194 -0.00149683 0.999995 -0.00293983 0.00244754 0.00294349 0.999993 0.0103665 0.0105195 -0.999891
0.999979 0.00310958 -0.00571333 -0.00306957 0.999971 0.00699882 0.00573492 -0.00698114 0.999959 0.0779393 -0.0598673 -0.995159
0.999975 0.00652267 -0.00278153 -0.00649325 0.999924 0.0104575 0.00284953 -0.0104392 0.999941 0.0249553 -0.0351279 -0.999071
0.999979 0.00576671 -0.0029126 -0.00574511 0.999956 0.00736871 0.00295496 -0.00735183 0.999969 0.0161865 -0.0326426 -0.999336
0.999988 -0.00200182 -0.00445964 0.0019856 0.999991 -0.0036391 0.00446689 0.00363021 0.999983 0.0380001 -0.0348475 -0.99867
0.999839 -0.0172515 -0.00499892 0.017201 0.999802 -0.00996956 0.00516992 0.00988196 0.999938 -0.0546979 0.0210731 -0.998281
0.999975 0.00062614 -0.00700004 -0.000666458 0.999983 -0.00575885 0.00699631 0.00576338 0.999959 -0.0168656 -0.0114136 -0.999793
0.999955 0.00548555 -0.00774274 -0.00546093 0.99998 0.00319785 0.00776012 -0.00315543 0.999965 0.0474412 -0.0654744 -0.996726
0.999976 0.00177457 -0.00676983 -0.00173847 0.999984 0.00533542 0.0067792 -0.00532353 0.999963 0.118605 -0.0452054 -0.991912
0.999946 -0.00836437 -0.00623023 0.00838638 0.999959 0.00351458 0.00620058 -0.00356664 0.999974 -0.0896978 0.00724257 -0.995943
0.999873 -0.0132602 -0.00880253 0.0132813 0.999909 0.0023511 0.00877056 -0.00246771 0.999958 -0.00566951 0.0521975 -0.998621
0.999983 -0.00388436 -0.00425086 0.00388707 0.999992 0.000629962 0.00424838 -0.000646475 0.999991 -0.0545481 -0.0289416 -0.998092
