1 -2.3881e-11 -3.48721e-13 2.3881e-11 1 -1.43064e-11 3.48721e-13 1.43064e-11 1 -2.13387e-07 1.29679e-07 -3.96888e-07
-0.289449 -0.652557 0.700277 -0.913935 0.405861 0.000442856 -0.284504 -0.63988 -0.713871 -1.05607 0.942321 -0.842256
0.85917 0.499032 0.113113 0.378903 -0.769034 0.514799 0.343889 -0.399441 -0.849816 3.48059 -6.17279 -3.99117
0.0796724 0.93989 -0.332054 0.970182 0.0033811 0.242354 0.228909 -0.341462 -0.911595 5.52082 -2.66612 0.291819
-0.0391696 0.999212 -0.00640374 0.690615 0.0317029 0.722528 0.722161 0.0238786 -0.691312 5.26342 -2.02009 -1.3241
-0.0434198 0.913418 -0.404701 -0.00888953 0.404714 0.9144 0.999017 0.0433007 -0.00945274 4.9419 -1.1724 -0.918247
-0.201429 0.674026 -0.710715 0.321872 0.730841 0.601889 0.925108 -0.107522 -0.364163 4.25771 -0.868883 -0.17063
-0.352407 0.528054 -0.772637 0.193223 0.848869 0.492023 0.915682 0.024101 -0.40118 3.64941 -0.667764 0.18589
-0.452401 0.467454 -0.759486 0.161007 0.880437 0.445991 0.87716 0.0794837 -0.473574 2.93092 -0.426929 0.533294
-0.355054 0.345734 -0.868565 0.114901 0.938194 0.326481 0.927758 0.0161193 -0.372835 2.43383 -0.234894 0.766893
-0.618245 0.210004 -0.757411 0.191349 0.974867 0.114106 0.762338 -0.0743848 -0.64289 1.65232 -0.164695 1.13453
-0.595297 0.153366 -0.788733 0.129689 0.987084 0.0940515 0.79297 -0.0463018 -0.607498 0.960821 -0.125326 1.23224
-0.323862 0.207846 -0.922991 0.0432078 0.977802 0.205028 0.945117 0.0265204 -0.325654 0.318469 0.0101209 1.20641
-0.133427 0.0802066 -0.987808 0.0574462 0.99567 0.0730855 0.989392 -0.0469943 -0.137456 -0.38167 0.118852 1.33963
-0.289983 -0.0695818 -0.954499 -0.0314278 0.997508 -0.0631692 0.956516 0.0116798 -0.291447 -1.42689 0.171688 1.64635
-0.137402 -0.0319643 -0.99 -0.219787 0.975547 -0.000993634 0.965823 0.217452 -0.141067 -2.69902 0.193182 1.41314
0.0960925 -0.447586 -0.889063 -0.0146769 0.892462 -0.450883 0.995264 0.0563752 0.0791897 -0.966059 0.598112 0.377254
0.484314 0.0854846 0.870708 0.525342 0.767411 -0.367554 -0.699611 0.635431 0.32676 -1.12238 0.510792 -1.45293
0.495455 0.225558 0.838838 0.36183 0.824337 -0.435371 -0.789686 0.519223 0.326808 -0.807006 0.566771 -1.5328
0.944109 0.143198 0.296904 -0.0292355 0.933538 -0.357285 -0.328333 0.328636 0.885548 -0.493193 0.192362 -1.21787
-0.160629 0.0314908 0.986512 0.271647 0.962302 0.0135128 -0.948898 0.270153 -0.163128 -1.06246 0.385056 -1.29885
0.0274097 0.110858 0.993458 0.263888 0.957774 -0.114157 -0.964164 0.265291 -0.00300191 -0.836283 0.424352 -1.51226
0.674025 -0.0084535 0.738661 0.0966824 0.992343 -0.0768655 -0.732355 0.123225 0.669681 -0.291149 0.354277 -1.23624
0.674127 0.101588 0.731596 0.0989932 0.969133 -0.225789 -0.731952 0.224634 0.643262 0.0219206 0.274279 -0.721465
0.714969 0.149688 0.682944 0.125446 0.933495 -0.335932 -0.68781 0.325854 0.648642 0.363969 0.0707084 -0.35302
0.959854 -0.0312269 0.278758 0.0268459 0.999449 0.0195207 -0.279214 -0.0112535 0.960163 0.384705 0.0298273 -0.137706
0.813762 0.0645758 0.577599 -0.0804452 0.996757 0.00189904 -0.575603 -0.0480104 0.816318 0.225484 0.00610286 0.270662
0.948148 0.00581162 0.317776 -0.024807 0.998136 0.0557621 -0.31686 -0.0607538 0.946525 0.0438008 -0.0913401 0.193972
0.203446 -0.244288 0.948121 -0.232336 0.928668 0.28913 -0.95112 -0.279105 0.132177 -1.44429 -0.320028 -1.03322
0.498108 -0.15163 0.853755 -0.111887 0.965122 0.236688 -0.859866 -0.21342 0.463769 -1.32151 -0.333663 -1.31861
0.626334 -0.122706 0.769837 -0.0688116 0.974977 0.211389 -0.776512 -0.185374 0.602217 -0.839872 -0.207329 -0.994405
0.632444 -0.0806254 0.770399 -0.0512395 0.988035 0.145466 -0.77291 -0.131474 0.620746 -0.536342 -0.124823 -0.683055
0.167422 0.00261341 0.985882 -0.0264893 0.999647 0.0018485 -0.985529 -0.0264248 0.167432 -0.0448463 -0.126843 -0.439881
-0.248503 0.0379389 0.967888 0.0345502 0.998944 -0.0302855 -0.968015 0.0259147 -0.249551 0.638966 -0.164902 -0.367381
0.376898 0.0140386 0.926149 0.0213178 0.999489 -0.0238256 -0.92601 0.0287233 0.376406 0.668189 -0.182083 -0.497038
0.934692 -0.0315488 0.354055 0.00751693 0.997585 0.0690473 -0.355379 -0.0618766 0.932672 0.423579 -0.162636 -0.531035
0.981418 -0.0238914 -0.190388 0.0857453 0.942245 0.323762 0.171657 -0.334071 0.926785 0.11319 -0.00675522 -0.326199
0.976977 0.0339623 -0.210624 0.0533396 0.917011 0.395279 0.206569 -0.397413 0.894087 0.134023 0.0955949 -0.126019
0.907424 -0.0383918 -0.418459 0.133528 0.970549 0.200511 0.398437 -0.237824 0.885826 -0.00360953 0.0404909 0.0577703
0.999065 0.0270047 0.0337504 -0.033351 0.978304 0.204472 -0.0274965 -0.205406 0.97829 0.291655 0.0365589 0.140575
0.946785 0.0186872 -0.321323 0.0678342 0.964305 0.255956 0.314637 -0.264132 0.911723 0.108837 0.0985869 0.270021
0.999496 0.0313631 -0.00497783 -0.0300932 0.985515 0.166895 0.0101401 -0.166661 0.985962 0.344958 0.067941 0.36488
0.910972 0.0697425 -0.406529 0.0387069 0.966797 0.252596 0.410648 -0.245844 0.878026 0.16591 0.171749 0.493668
0.946858 -0.0169012 -0.321206 -0.0052565 0.997672 -0.0679905 0.321607 0.0660658 0.944565 0.308078 0.0120119 0.577855
0.65614 0.00121322 -0.754639 -0.0668172 0.996165 -0.0564943 0.751676 0.087491 0.653704 0.0868798 -0.00670123 0.720271
0.357375 -0.0542336 -0.932385 -0.0899879 0.991668 -0.0921734 0.929616 0.116844 0.349517 -0.206766 -0.0506235 0.829531
0.21102 0.0164552 -0.977343 -0.0970077 0.995275 -0.004188 0.972656 0.0956936 0.211619 -0.528086 -0.0336547 0.908814
0.504497 0.12148 -0.854825 -0.0538113 0.992552 0.109294 0.861735 -0.0091392 0.507276 -0.633179 0.08478 0.939778
0.986623 -0.022279 -0.16149 0.0187624 0.999553 -0.0232683 0.161936 0.0199271 0.9866 -0.333183 0.0522564 0.890663
0.837437 0.00427024 0.546517 -0.00143778 0.999983 -0.00561029 -0.546532 0.0039125 0.837429 0.00140754 0.105196 1.02515
0.294401 0.116482 0.948557 0.102679 0.982944 -0.152573 -0.95015 0.142315 0.27742 0.441937 0.0428678 1.10177
0.305313 0.329405 0.893463 0.20075 0.894911 -0.398539 -0.930851 0.301042 0.2071 0.624626 -0.189778 1.10896
0.688011 0.14245 0.711582 0.175501 0.918779 -0.353615 -0.70416 0.368174 0.60713 0.481704 -0.222353 1.06716
0.76183 0.051922 0.645693 0.161243 0.950209 -0.266654 -0.627388 0.307258 0.715525 0.427358 -0.201274 1.24847
0.918567 -0.0162804 0.39493 0.0585419 0.993736 -0.0951972 -0.390906 0.110565 0.913766 0.291813 -0.140684 1.36923
0.555769 -0.00935169 0.831284 0.0419212 0.99898 -0.0167889 -0.830279 0.0441792 0.555594 0.713282 -0.188456 1.45843
0.747117 -0.185677 0.638232 -0.0538418 0.940131 0.336534 -0.662509 -0.285794 0.69239 0.68958 0.036922 1.45184
0.839602 -0.111974 0.531536 -0.152275 0.890771 0.428181 -0.521422 -0.440441 0.730842 0.757594 0.202202 1.61828
0.967664 0.085803 0.237199 -0.0853019 0.996278 -0.0123948 -0.23738 -0.00823954 0.971382 0.858174 -0.0454973 1.67672
0.865294 0.021435 -0.500806 0.0229403 0.996345 0.082281 0.500739 -0.0826859 0.86164 0.631677 -0.0427282 1.78431
0.222692 0.10722 -0.968975 0.0704281 0.989567 0.125684 0.972342 -0.0962319 0.212817 0.21459 0.00601576 1.8648
-0.260061 0.243873 -0.934288 0.140992 0.966801 0.213115 0.955243 -0.0763047 -0.285811 -0.317802 0.131452 1.85843
0.172986 0.135466 -0.975564 0.0960147 0.983459 0.153588 0.980233 -0.120237 0.157118 -0.373097 0.161325 1.72407
0.685412 -0.0373538 -0.727197 0.0457695 0.998919 -0.00817172 0.726716 -0.0276825 0.68638 -0.274504 0.106015 1.69414
0.986618 -0.137245 -0.0880221 0.11153 0.961887 -0.249669 0.118933 0.236511 0.964322 0.11586 -0.0520094 1.71002
0.765709 -0.0500254 -0.641239 -0.121997 0.967576 -0.221162 0.631511 0.247576 0.734779 -0.0879238 -0.0517433 1.75239
0.326976 -0.0641266 -0.942854 -0.14903 0.981712 -0.118452 0.933208 0.179244 0.31144 -0.76736 -0.0310259 1.65954
0.0987101 -0.0566798 -0.993501 -0.164545 0.983704 -0.0724694 0.981418 0.170629 0.0877751 -1.69066 -0.0613876 1.18311
0.819538 -0.107087 -0.56293 0.0262347 0.988365 -0.149824 0.572424 0.108018 0.812812 -0.943752 0.0817126 -0.171319
0.865049 -0.150018 -0.478732 0.0350662 0.969991 -0.240599 0.50046 0.191342 0.844351 -0.0076013 0.076708 0.301054
0.97594 -0.153329 -0.155019 0.094247 0.937775 -0.334208 0.196617 0.311557 0.929663 0.108113 -0.0669926 0.454249
0.99743 -0.00663195 0.0713464 0.0123508 0.996717 -0.0800156 -0.0705815 0.0806911 0.994237 0.190146 -0.0371748 0.662479
0.991627 0.00642484 0.128974 -0.0151914 0.99763 0.0671033 -0.128237 -0.0685007 0.989375 0.163951 0.0173322 0.895649
0.9666 0.00562569 0.256229 -0.0206468 0.998219 0.0559715 -0.255458 -0.0593923 0.964994 0.163579 -0.00643815 1.12813
0.718569 -0.0390147 0.694361 -0.0759105 0.98806 0.134074 -0.6913 -0.149051 0.707027 0.509931 0.0362819 1.30958
0.994914 -0.0217216 0.0983572 -0.00235937 0.971178 0.238345 -0.1007 -0.237364 0.966187 0.157081 0.118007 1.17639
0.919262 0.070929 0.387204 -0.102525 0.992825 0.0615366 -0.380061 -0.0962664 0.919938 0.1995 0.0704722 1.35326
0.88485 0.127384 0.448123 0.0152923 0.953432 -0.301221 -0.465625 0.273388 0.841696 0.28254 -0.171224 1.53791
0.835059 0.0319537 0.549231 0.0720283 0.983369 -0.166724 -0.545424 0.178785 0.81887 0.351296 -0.159076 1.76344
0.581239 0.111463 0.806063 0.131129 0.964798 -0.227968 -0.803098 0.238202 0.546162 0.719822 -0.243279 1.99755
0.964827 0.0620722 0.255454 -0.0391854 0.994826 -0.0937309 -0.25995 0.080424 0.962267 0.385136 -0.187196 1.85213
0.733366 -0.0268353 0.679304 0.0528238 0.998449 -0.0175848 -0.677779 0.0487795 0.733646 0.558262 -0.0694183 2.03942
0.637857 0.136825 0.757903 0.129899 0.95088 -0.280987 -0.759121 0.27768 0.588752 0.828385 -0.275207 2.24091
0.918281 0.0327169 0.394576 0.0954799 0.948869 -0.300884 -0.384245 0.31397 0.868204 0.743652 -0.385485 2.37113
0.971265 -0.0820214 0.22342 0.0945743 0.994452 -0.0460586 -0.218403 0.065865 0.973633 0.761712 -0.279971 2.6668
0.943154 0.0146223 -0.332033 -0.00303747 0.999369 0.0353827 0.332341 -0.0323628 0.942604 0.570181 -0.226449 2.91044
0.822785 0.0262807 -0.567745 0.00383528 0.998651 0.0517853 0.56834 -0.0447856 0.821574 0.473959 -0.237353 3.22606
0.508434 -0.0057403 -0.861082 0.0315923 0.999429 0.0119914 0.860521 -0.0333004 0.508325 0.259931 -0.309591 3.5519
-0.549721 0.0707242 -0.832349 0.110842 0.993774 0.011235 0.827962 -0.0860835 -0.554138 -0.472935 -0.337781 3.53838
0.112321 0.293172 -0.949439 0.0291067 0.954104 0.298056 0.993246 -0.061113 0.0986327 0.24025 -0.28385 3.04955
0.350934 0.254998 -0.901011 0.120334 0.941949 0.313453 0.928636 -0.218423 0.299877 0.191983 -0.173761 3.2391
-0.309763 0.470028 -0.826511 0.325128 0.869229 0.372468 0.893498 -0.153346 -0.422074 -0.416572 0.0772749 3.7651
-0.203963 0.290874 -0.934768 0.306471 0.925818 0.221218 0.929771 -0.241359 -0.277977 -1.02007 0.23131 3.70623
-0.801189 0.227445 -0.553502 0.287914 0.957371 -0.0233505 0.524596 -0.178069 -0.83252 -2.40945 0.485475 3.67221
-0.0807106 -0.0390265 -0.995973 0.105126 0.993327 -0.0474419 0.991178 -0.108532 -0.0760693 -1.4962 0.204896 2.78805
0.409262 0.0957254 0.907382 0.190021 0.963733 -0.187377 -0.892411 0.249108 0.376229 -2.07108 0.165944 1.32037
-0.162637 0.161698 0.973346 0.173084 0.975859 -0.133195 -0.971386 0.146808 -0.186698 -1.61946 0.18695 1.04409
0.737611 0.173435 0.652573 -0.0441744 0.976774 -0.209667 -0.67378 0.125826 0.728141 -0.562893 0.032193 0.854973
-0.700897 0.346605 0.623384 0.384238 0.919813 -0.0794056 -0.600919 0.183873 -0.777873 -2.23504 0.328308 0.823663
-0.160429 0.348591 0.923443 0.278808 0.913466 -0.296388 -0.946852 0.209914 -0.243737 -2.65466 0.361327 -0.939793
-0.0686031 0.593801 0.801682 0.361 0.763896 -0.534922 -0.930039 0.252709 -0.266768 -1.09052 -0.143223 -0.340985
0.819299 0.169472 0.547749 -0.0310028 0.967016 -0.25282 -0.572528 0.190153 0.797529 -0.543662 -0.603707 -0.584778
-0.112022 -0.23806 0.964769 -0.0455891 0.971088 0.234326 -0.992659 -0.0177332 -0.119636 -0.853913 -0.344018 -0.107582
-0.69787 -0.0755275 0.712231 -0.0751985 0.996655 0.0320065 -0.712266 -0.0312223 -0.701215 -8.07807e-05 -0.290362 -0.282041
0.0188262 0.114876 0.993201 0.0680517 0.990927 -0.115902 -0.997504 0.0697711 0.0108379 -0.646248 -0.414537 -1.06605
-0.212971 -0.166712 0.962731 0.216415 0.952812 0.212869 -0.952789 0.253685 -0.166843 0.223282 -0.439246 -0.682764
0.876533 -0.0911762 0.472628 0.0640761 0.995259 0.0731637 -0.477058 -0.0338463 0.87822 0.545266 -0.366105 -1.21008
0.986578 -0.16108 0.0267772 0.147126 0.948019 0.282159 -0.0708354 -0.274432 0.958994 0.247756 -0.353461 -0.631393
0.897515 0.109832 -0.427087 0.24718 0.676746 0.693482 0.365196 -0.727978 0.580242 0.284588 -0.0707051 -0.244545
0.170206 0.339376 -0.925124 0.659887 0.65798 0.362783 0.731833 -0.672225 -0.111958 -0.12972 0.250138 -0.000678549
-0.139487 0.485215 -0.863197 0.644874 0.706035 0.292664 0.751453 -0.51583 -0.411385 -0.826322 0.493786 0.0781089
0.604283 0.504405 -0.61678 0.162007 0.680147 0.714951 0.780126 -0.531955 0.329284 -1.1499 0.835648 -0.244382
0.366967 -0.302904 -0.879537 0.566573 0.822674 -0.0469309 0.737787 -0.4811 0.473511 -1.52638 0.724529 -0.152459
0.962396 0.0880506 0.256983 -0.0831314 0.996088 -0.029966 -0.258617 0.0074758 0.965951 -0.93531 0.182021 -1.29272
0.997643 0.0605174 -0.0323493 -0.0621921 0.996627 -0.0535499 0.0289994 0.0554356 0.998041 -0.587946 0.15236 -1.4251
0.999173 0.0376831 -0.0152696 -0.0401273 0.974472 -0.220895 0.00655583 0.221325 0.975178 -0.600058 0.0791697 -1.10767
0.874853 0.0413654 0.482619 0.0262188 0.990842 -0.132453 -0.483678 0.12853 0.865757 -0.371249 0.0694054 -0.895589
0.735318 -0.0112446 0.677629 -0.0122007 0.999481 0.0298248 -0.677613 -0.0301982 0.734798 -0.126179 0.193626 -0.663071
0.702871 0.0695921 0.707905 -0.0212844 0.996815 -0.076861 -0.710999 0.038956 0.702113 0.0311359 0.219114 -0.418418
0.572856 0.279104 0.770673 0.087749 0.913953 -0.396219 -0.814946 0.294602 0.499072 0.277176 0.0418244 -0.203081
0.707163 0.304293 0.638222 0.132598 0.829563 -0.542442 -0.694506 0.468222 0.546287 0.291953 -0.117485 -0.0268391
0.591917 0.409373 0.694297 0.291665 0.694242 -0.657997 -0.751376 0.591982 0.291534 0.517042 -0.36999 0.185332
0.722373 0.233551 0.650869 0.181105 0.844487 -0.504027 -0.667367 0.481971 0.567737 0.497191 -0.336302 0.290268
0.549469 0.102733 0.829174 0.236981 0.932493 -0.272574 -0.801201 0.34627 0.488031 0.733722 -0.260238 0.504401
0.514406 0.0451861 0.856356 0.122901 0.984417 -0.125769 -0.848694 0.169943 0.500836 0.970531 -0.195911 0.674223
0.642926 0.0321886 0.765252 0.040602 0.996279 -0.076018 -0.764852 0.0799447 0.639227 1.15337 -0.196737 0.845388
0.921662 0.00956703 0.387875 0.00943618 0.998848 -0.0470589 -0.387879 0.0470325 0.92051 1.17637 -0.224911 1.0162
0.883488 -0.0088561 -0.46837 0.0427085 0.99718 0.061706 0.466503 -0.0745199 0.881375 0.896592 -0.175344 1.15093
0.240196 -0.0343722 -0.970116 0.0374273 0.998958 -0.0261273 0.970003 -0.0300332 0.241232 0.427623 -0.240431 1.26901
0.197465 0.105261 -0.974642 0.024223 0.993391 0.112193 0.980011 -0.045763 0.19361 0.28195 -0.169803 1.34674
0.508473 -0.16597 -0.844932 0.0787026 0.986099 -0.146337 0.857474 0.00790995 0.514467 0.38618 -0.343813 1.37245
0.57375 0.0607341 -0.816776 -0.0339336 0.998153 0.0503841 0.818328 -0.00119168 0.574751 0.474415 -0.300433 1.6007
0.648494 -0.0463746 -0.759806 0.0358601 0.998896 -0.0303608 0.760375 -0.007558 0.64944 0.461389 -0.370247 1.8391
0.807219 0.00151859 -0.59025 0.0228868 0.999164 0.0338704 0.589808 -0.0408498 0.80651 0.562235 -0.42895 2.05187
0.818666 0.0750318 -0.569348 0.0514969 0.977842 0.202913 0.571957 -0.195437 0.796662 0.608155 -0.419434 2.32955
0.742388 0.183261 -0.644419 0.140871 0.897661 0.417566 0.654993 -0.400775 0.640596 0.556117 -0.326818 2.61236
0.849395 0.259623 -0.459483 0.0684742 0.809058 0.583726 0.523297 -0.527276 0.669433 0.751161 -0.200696 2.7915
0.21813 0.292532 -0.931045 0.539402 0.758914 0.364822 0.813305 -0.581786 0.00774989 0.45816 -0.0923532 3.05956
0.143982 0.452591 -0.880018 0.449629 0.762268 0.465597 0.881534 -0.462719 -0.0937454 0.172964 0.100022 3.16912
-0.220467 0.364404 -0.904768 0.453065 0.859711 0.235857 0.863786 -0.35792 -0.354637 -0.57314 0.483111 3.32865
-0.567983 0.542198 -0.619207 0.381229 0.840081 0.385911 0.729424 -0.016869 -0.683853 -1.73412 0.992037 3.12266
0.160909 -0.354994 -0.920917 0.215468 0.923204 -0.318228 0.963163 -0.147222 0.225041 -0.0458036 0.570043 1.54553
0.206105 -0.310075 -0.928102 0.0302254 0.950031 -0.310689 0.978063 0.0359825 0.205179 -0.775409 0.474078 1.73413
0.530411 0.155041 0.833442 0.788964 0.269417 -0.552223 -0.31016 0.950461 0.0205802 -0.305161 0.451614 0.458071
0.457965 0.196714 0.866932 0.626186 0.620829 -0.47166 -0.630998 0.758864 0.161139 0.210439 0.767212 0.0774117
0.708167 0.218046 0.671532 0.213078 0.84077 -0.497699 -0.673125 0.495543 0.548945 0.692714 0.592706 0.362603
0.902964 0.195989 0.38242 0.0393739 0.848456 -0.5278 -0.427909 0.491641 0.758408 1.05478 0.314989 0.760851
0.993847 0.0915658 -0.0623203 -0.106547 0.944074 -0.312044 0.0302624 0.316764 0.948021 1.08421 0.139048 1.09312
0.986848 0.0582369 -0.150799 -0.100635 0.951366 -0.291163 0.126509 0.302509 0.944714 0.95572 0.00822942 1.46902
0.890765 0.0759775 -0.448068 -0.101631 0.99426 -0.0334495 0.442954 0.075333 0.893374 0.551047 -0.11899 1.65504
0.990448 0.0092532 -0.137572 0.0138264 0.986051 0.165865 0.137188 -0.166183 0.976505 -0.188716 -0.135302 1.4747
0.831473 0.0546282 0.552873 -0.445762 0.659549 0.60522 -0.331585 -0.749674 0.572749 -0.905524 -0.334231 -0.167847
0.766622 0.464594 -0.44322 0.0472724 0.647557 0.76055 0.640356 -0.604006 0.474469 -0.757924 -0.309468 -0.117598
0.822508 0.0203461 -0.56839 0.15813 0.951777 0.262897 0.54633 -0.306114 0.779627 -0.979743 -0.016187 -0.212951
0.979597 0.00758126 0.20083 0.00046923 0.999199 -0.0400081 -0.200973 0.0392861 0.978809 -0.795116 -0.0523686 -0.281898
0.721834 0.0356666 0.691147 0.129036 0.974223 -0.18504 -0.67993 0.222751 0.698625 -0.282841 -0.146326 -0.0461695
0.899628 0.0324744 0.435448 0.0755578 0.970611 -0.228486 -0.430071 0.238454 0.870735 -0.117356 -0.197093 0.211534
0.98489 -0.0248746 -0.171385 -0.00289467 0.987128 -0.159905 0.173157 0.157985 0.972141 -0.258736 -0.198152 0.443916
0.392411 -0.0933533 -0.91504 -0.199586 0.962491 -0.183786 0.897875 0.254749 0.35906 -0.854705 -0.263667 0.385774
0.815197 -0.186745 -0.548252 -0.0672172 0.909694 -0.409803 0.57527 0.370922 0.729027 -0.787267 -0.333979 0.178681
0.790443 -0.052981 -0.61024 -0.222088 0.903675 -0.366127 0.570856 0.424929 0.702537 -1.39064 -0.525621 0.311129
0.649042 -0.0161369 0.760581 0.239113 0.953434 -0.183819 -0.722198 0.301171 0.622677 -1.08938 -0.439446 -0.239721
-0.0334682 0.0121667 0.999366 0.0911527 0.995796 -0.00907058 -0.995274 0.0907913 -0.0344365 -0.468939 -0.208767 -0.231488
0.0503116 0.00588303 0.998716 -0.0642838 0.997928 -0.00264001 -0.996663 -0.0640684 0.0505855 -0.10102 -0.182853 -0.124406
-0.120079 -0.0841561 0.989191 -0.122252 0.99007 0.0693906 -0.985208 -0.112598 -0.129175 0.432146 -0.125987 0.108955
0.102484 0.0124512 0.994657 -0.156292 0.987704 0.00373934 -0.98238 -0.15584 0.10317 0.731248 -0.173299 0.22507
0.498002 -0.0354965 0.866449 -0.101334 0.989934 0.0987986 -0.861235 -0.137003 0.489392 0.792711 -0.205522 0.355227
0.600466 -0.051126 0.798014 -0.130558 0.978295 0.160914 -0.78892 -0.20081 0.580758 0.943609 -0.203633 0.658854
0.944956 -0.0937517 0.313479 -0.0256803 0.933866 0.356701 -0.326189 -0.345117 0.880054 0.820315 -0.120704 0.82065
0.992507 0.00137699 0.122182 -0.0483873 0.92262 0.382662 -0.112201 -0.385707 0.915774 0.813265 -0.0760797 1.10472
0.999707 0.0191225 0.0148345 -0.0217 0.979644 0.199565 -0.0107163 -0.199828 0.979772 0.914969 -0.179333 1.35259
0.98672 -0.0067295 -0.162289 0.0219814 0.995482 0.0923686 0.160934 -0.0947093 0.982411 0.959282 -0.298903 1.62693
0.946838 0.0184739 -0.321181 0.0274279 0.99008 0.137805 0.32054 -0.139288 0.936938 0.984363 -0.350246 1.91074
0.77317 0.152758 -0.615527 0.114472 0.921002 0.372358 0.623782 -0.358357 0.694605 0.794103 -0.231302 2.16019
0.880017 0.125991 -0.457927 0.0603265 0.926711 0.370902 0.471096 -0.354025 0.80792 0.783277 -0.18031 2.36676
0.939815 0.113906 -0.32214 0.028397 0.913498 0.40585 0.340503 -0.390572 0.855285 0.710483 -0.0523003 2.65288
0.971836 0.0493262 -0.230438 0.0160721 0.961699 0.273637 0.235109 -0.269634 0.933821 0.452862 0.142394 2.89099
0.976278 0.0217842 -0.215422 0.01184 0.988066 0.153575 0.216197 -0.152482 0.964369 -0.0172089 0.428261 2.80818
0.355525 0.375292 0.856013 0.37696 0.780486 -0.498742 -0.85528 0.499997 0.136012 -0.434547 0.607466 1.17951
0.903986 0.0946155 0.416961 0.154247 0.837368 -0.524427 -0.398769 0.53839 0.742375 -0.696679 0.691626 0.0651958
0.942483 -0.0907263 -0.321706 -0.00314506 0.960009 -0.279952 0.33424 0.264862 0.904507 -0.643449 0.420305 0.411189
0.864588 -0.0532116 -0.499656 0.0310392 0.998134 -0.0525885 0.501522 0.0299585 0.864626 -0.859973 0.358291 0.700455
0.949196 -0.0859917 0.302708 0.152822 0.966855 -0.204542 -0.275086 0.240411 0.930876 -0.73819 0.218138 0.767867
0.87727 0.0101362 0.479891 -0.00933043 0.999948 -0.00406427 -0.479907 -0.000912127 0.877319 -0.348527 0.247573 1.03118
0.833813 0.0125757 0.551904 0.0089685 0.9993 -0.0363197 -0.551974 0.0352336 0.833117 0.225982 0.256646 1.22903
0.987423 0.0730676 0.140201 -0.0762023 0.996945 0.0171152 -0.138522 -0.0275836 0.989975 1.04907 0.278729 1.11755
0.393175 -0.109936 -0.912868 -0.0458822 0.989244 -0.138895 0.918318 0.0964944 0.383901 1.5604 0.247611 0.347404
0.0133666 -0.161 -0.986864 -0.134288 0.977722 -0.161328 0.990852 0.134681 -0.00855171 0.993569 0.117388 0.227651
0.182958 -0.0921985 -0.978788 -0.0812892 0.990765 -0.108522 0.979754 0.0994199 0.173774 0.485175 0.031722 0.311
0.394834 0.199611 -0.896806 0.002276 0.975898 0.218217 0.91875 -0.0882008 0.384863 -0.0348379 0.089274 0.47525
0.976174 0.175787 -0.127211 -0.103866 0.893275 0.437346 0.190514 -0.413713 0.89025 0.156109 0.261521 0.405993
0.942095 0.0149241 -0.335013 0.146826 0.879807 0.452086 0.301493 -0.475097 0.826671 0.16527 0.30509 0.656611
0.712999 -0.070512 -0.69761 0.149975 0.987241 0.0534969 0.684937 -0.142768 0.714478 -0.21225 0.205186 0.774182
0.737771 0.0107042 -0.674966 0.0299407 0.998371 0.0485597 0.674387 -0.0560349 0.736249 -0.442091 0.212724 1.00228
0.933195 -0.157017 -0.323252 0.0787683 0.966995 -0.242314 0.350631 0.200664 0.914763 -0.487392 0.0897915 1.22957
0.959459 -0.0838327 0.269093 0.179959 0.917008 -0.355965 -0.216919 0.389959 0.894918 -0.225785 -0.0849782 1.45504
0.99823 -0.0270429 0.0529619 0.0421495 0.950013 -0.309352 -0.0419487 0.311037 0.949472 -0.287636 -0.146007 1.70054
0.978246 -0.115695 0.172188 0.116152 0.993204 0.00745103 -0.17188 0.012711 0.985036 -0.225902 -0.0731742 2.00918
0.952279 -0.0671601 -0.297748 0.0768659 0.99682 0.0209949 0.295391 -0.0428797 0.954414 -0.383212 -0.015513 2.26513
0.36704 -0.18097 -0.912431 -0.0513901 0.97545 -0.214142 0.928784 0.125489 0.348729 -0.943479 -0.0749159 2.18474
0.909765 -0.145398 -0.388828 0.0411958 0.963654 -0.263959 0.413074 0.224123 0.882688 -0.68548 -0.143986 1.73277
0.382606 -0.0273027 0.923508 0.0922355 0.995699 -0.00877586 -0.919296 0.0885379 0.383478 -0.223995 -0.20378 1.41728
0.392093 0.0432813 0.918907 -0.000641988 0.998905 -0.0467754 -0.919926 0.0177504 0.391691 -0.494667 -0.0334722 -0.239537
0.0393142 -0.0727767 0.996573 0.0515901 0.996162 0.0707114 -0.997894 0.0486333 0.0429179 -0.138361 -0.0401456 0.20135
0.988772 -0.017778 0.148369 0.0278047 0.997447 -0.0657806 -0.146821 0.0691674 0.986742 0.664093 -0.0153167 -0.55617
0.809711 -0.0511952 0.584591 0.108928 0.991987 -0.064003 -0.57663 0.115503 0.8088 0.399455 -0.0889602 -0.560831
0.673644 -0.162203 0.721037 -0.107363 0.943791 0.31262 -0.731216 -0.288008 0.618365 1.07857 0.0341048 -0.493546
0.613692 0.136314 -0.777689 0.323404 0.855164 0.405099 0.720272 -0.500113 0.480723 0.97062 0.132771 -0.928665
0.220775 0.188285 -0.956978 0.191792 0.95365 0.231877 0.956281 -0.234734 0.174431 0.636786 -0.114755 -1.01481
0.193996 0.20725 -0.95886 0.0681919 0.972216 0.223934 0.978629 -0.108829 0.174473 0.207781 -0.0627794 -0.867281
-0.16183 0.254966 -0.953312 0.13102 0.963044 0.235328 0.978082 -0.0868202 -0.189255 -0.352325 0.0399916 -0.701261
0.137362 0.10931 -0.984471 0.0694441 0.990384 0.119656 0.988084 -0.084802 0.128451 -0.501447 0.0469853 -0.700151
0.32647 0.0230392 -0.944927 0.015473 0.999439 0.0297142 0.945081 -0.0243216 0.32593 -0.613938 0.00875302 -0.558672
0.278146 0.0261841 -0.960182 -0.0180751 0.999594 0.0220229 0.960369 0.0112298 0.278507 -0.862196 -0.000745038 -0.349147
0.622757 0.0410757 -0.781336 -0.0249396 0.999156 0.0326488 0.782017 -0.000846077 0.623256 -0.866662 0.03843 -0.246672
0.775454 -0.0791893 -0.626418 0.00865952 0.993345 -0.114855 0.631345 0.0836402 0.770979 -0.931803 -0.0427379 -0.0554492
0.997504 -0.0111821 -0.069716 0.00787131 0.998836 -0.047585 0.0701669 0.0469175 0.996431 -0.726021 -0.0239473 0.0553242
0.943059 -0.0278975 0.331453 -0.0113045 0.993213 0.11576 -0.332433 -0.112915 0.936343 -0.480124 0.123753 0.210843
0.999824 0.0186452 -0.00196307 -0.0187368 0.990075 -0.139287 -0.000653433 0.139299 0.99025 -0.709433 0.0184558 0.24343
0.996734 0.0168656 0.078975 0.0103196 0.94333 -0.331696 -0.0800937 0.331428 0.940075 -0.829263 -0.144958 0.382593
0.711538 -0.0425687 0.701357 0.118619 0.991114 -0.0601859 -0.692562 0.126019 0.710265 -0.487542 -0.05052 0.424644
0.8474 0.104842 0.520502 -0.0035535 0.981409 -0.191896 -0.530944 0.160763 0.832018 -0.708957 -0.117475 0.395007
0.353207 0.0356639 0.934865 0.0819987 0.994247 -0.0689098 -0.931945 0.100997 0.348251 -0.437833 -0.119996 0.51607
-0.0364403 -0.103056 0.994008 -0.0390533 0.994055 0.10163 -0.998572 -0.0351159 -0.0402483 -0.0151785 -0.0176295 0.542472
0.226525 -0.11167 0.967583 -0.119913 0.982651 0.141483 -0.966596 -0.148075 0.209204 0.105229 0.0390101 0.490754
0.680938 -0.0644339 0.729501 -0.101703 0.97815 0.181328 -0.725245 -0.197665 0.659506 0.0077536 0.0322579 0.460387
0.970009 -0.09163 0.225138 0.00432348 0.932584 0.360928 -0.243032 -0.34913 0.90501 -0.229055 0.126001 0.518711
0.949679 0.0303957 -0.311746 0.11324 0.894642 0.432195 0.292038 -0.445749 0.846181 -0.534775 0.261601 0.57551
0.986031 0.0255719 -0.164587 0.00212264 0.986135 0.165933 0.166548 -0.163964 0.972305 -0.476639 0.162896 0.613937
0.995468 0.000789338 0.0950981 0.00969788 0.99391 -0.109765 -0.0946056 0.11019 0.989398 -0.321261 0.00151833 0.700625
0.958422 0.00188779 0.285347 0.0155827 0.99814 -0.0589425 -0.284927 0.0609383 0.95661 -0.195378 0.0232093 0.80414
0.983733 -0.00653464 0.179516 -0.000760807 0.999178 0.0405406 -0.179633 -0.0400178 0.982919 -0.281764 0.116771 0.889636
0.907166 0.0505226 0.417728 0.0224325 0.985546 -0.167914 -0.420174 0.161697 0.892921 -0.164339 -0.00219934 0.981598
0.798131 0.0161 0.602268 0.0523383 0.994011 -0.0959314 -0.600206 0.108088 0.792509 0.0271077 -0.00817503 1.06994
0.795585 0.0011461 0.605841 0.0309406 0.998616 -0.0425201 -0.605052 0.0525734 0.794448 0.195388 -0.0102319 1.15589
0.985701 -0.0268882 -0.166343 0.0587776 0.980046 0.189882 0.157918 -0.196944 0.967613 -0.170234 0.122663 1.01909
0.989874 0.000771728 -0.141946 0.0267363 0.981073 0.191782 0.139408 -0.193635 0.971118 -0.291992 0.151121 1.08961
0.650218 0.0306493 0.759129 -0.0368827 0.999281 -0.00875396 -0.758851 -0.0223068 0.650882 0.232255 0.0898905 0.896522
0.889004 -0.0502689 0.455132 0.0158427 0.996737 0.0791433 -0.457626 -0.0631482 0.8869 0.0107045 0.158791 0.673399
0.95989 0.0189536 0.279735 -0.00226931 0.998205 -0.059847 -0.280367 0.0568118 0.95821 -0.0740905 0.150553 0.785058
0.999972 0.00730374 0.00158735 -0.0065021 0.954803 -0.297168 -0.00368604 0.297149 0.954824 -0.128467 0.0789633 0.88011
0.910721 -0.109766 -0.398169 -0.16231 0.791362 -0.589408 0.379793 0.601413 0.702894 -0.344429 -0.105894 0.934424
0.90851 -0.227988 -0.350187 -0.142855 0.618088 -0.77302 0.392685 0.752322 0.52897 -0.391989 -0.330832 0.980869
0.910272 -0.124233 -0.394933 -0.176461 0.74651 -0.641548 0.374523 0.653674 0.657604 -0.465111 -0.345285 1.01363
0.984479 -0.103552 -0.1417 0.0166279 0.858787 -0.512063 0.174716 0.501758 0.847179 -0.383259 -0.3445 1.07646
0.991071 -0.0543606 0.121754 0.0792503 0.974483 -0.210007 -0.107231 0.217781 0.970089 -0.255604 -0.300194 1.15911
0.879653 -0.152857 0.450384 0.000263137 0.947104 0.320927 -0.475617 -0.282186 0.833163 0.0303296 -0.0960846 1.18391
0.993393 -0.114319 -0.0101142 0.0955083 0.774627 0.625165 -0.0636333 -0.622001 0.780427 -0.151114 0.156278 1.15807
0.881386 0.00963049 -0.472298 0.167288 0.92864 0.331122 0.441784 -0.370856 0.81688 -0.506156 0.0240744 1.10771
0.933455 0.0715876 -0.351479 0.00271559 0.978444 0.206497 0.358685 -0.19371 0.913138 -0.516762 -0.0932975 1.16742
0.98803 0.0371051 -0.149733 -0.0131177 0.987334 0.158111 0.153703 -0.154255 0.976002 -0.499098 -0.138544 1.27587
0.912026 -0.036188 0.408533 -0.129125 0.920108 0.369767 -0.389276 -0.389989 0.83449 -0.236691 0.0108139 1.31131
0.897429 -0.104598 0.428579 -0.104447 0.893489 0.43677 -0.428616 -0.436734 0.790918 -0.191121 0.117547 1.38751
0.719452 -0.105936 0.686415 -0.201906 0.913718 0.352639 -0.664547 -0.392298 0.635987 0.116816 0.219515 1.45238
0.992331 -0.0420895 -0.116225 0.0464398 0.998309 0.0349781 0.114556 -0.0401073 0.992607 -0.332327 0.0907515 1.18055
0.996226 0.0375054 0.078277 -0.0224883 0.982561 -0.184575 -0.0838345 0.182118 0.979696 -0.284374 -0.05325 1.19449
0.995155 0.0486218 0.0854504 -0.0281597 0.973699 -0.226093 -0.0941959 0.222591 0.970351 -0.278648 -0.0999835 1.319
0.974401 0.0327877 0.222412 0.000944341 0.988702 -0.14989 -0.224814 0.146263 0.963362 -0.245853 -0.0876319 1.44776
0.910837 0.0175673 0.412393 0.0100299 0.997857 -0.0646597 -0.412645 0.0630307 0.908708 -0.165229 -0.0718724 1.58227
0.674025 -0.0391148 0.737672 -0.00936463 0.998064 0.0614786 -0.738649 -0.0483461 0.672354 0.123637 -0.0321798 1.67868
0.769323 -0.128269 0.625851 -0.0293652 0.971502 0.235207 -0.638185 -0.199328 0.743632 0.19065 0.0927549 1.75531
0.967911 -0.035492 0.248774 -0.0101802 0.983625 0.17994 -0.251087 -0.176699 0.9517 0.0342163 0.110297 1.83508
0.953975 -0.000855672 -0.299883 0.00800097 0.999713 0.0225998 0.299778 -0.023959 0.953708 -0.370128 0.0411938 1.8791
0.957988 0.0252367 0.285695 -0.0370648 0.998662 0.036069 -0.284403 -0.0451429 0.957642 -0.202094 0.0625335 1.9155
0.224887 -0.0130004 0.974298 -0.0232083 0.999556 0.0186944 -0.974108 -0.0268159 0.224485 0.436532 0.0921859 1.7683
0.750444 0.0403359 0.659702 -0.00650926 0.998539 -0.0536487 -0.660902 0.0359661 0.74961 0.0955458 0.053535 1.41878
0.734958 -0.0884266 0.672322 0.0553257 0.995975 0.0705147 -0.675852 -0.0146287 0.736893 0.0708985 0.131623 1.65764
0.999801 -0.0155402 -0.0125371 0.0149429 0.998811 -0.0464064 0.0132433 0.0462098 0.998844 -0.162049 0.140006 1.65087
0.938464 0.0158556 0.345014 0.038507 0.987914 -0.150143 -0.343225 0.154189 0.926511 -0.0196184 0.0661164 1.78052
0.920135 0.0160749 0.391272 0.0565338 0.983238 -0.173343 -0.387499 0.181619 0.903802 0.235683 -0.00801804 1.93902
0.999301 -0.0268698 0.0259747 0.0319069 0.975285 -0.218633 -0.0194582 0.219309 0.975461 0.434508 -0.135464 2.10986
0.904579 -0.0104913 0.426177 0.13811 0.952993 -0.269685 -0.403314 0.302811 0.863506 0.935825 -0.362344 1.85395
0.988055 0.0924342 -0.123305 -0.108307 0.98572 -0.128941 0.109625 0.140755 0.983956 1.11809 -0.22768 0.430546
0.753929 0.171822 0.634088 0.144879 0.897944 -0.415581 -0.640781 0.405184 0.652093 0.949171 -0.10327 0.346206
0.961559 0.0896726 0.259544 -0.0160965 0.961958 -0.272723 -0.274126 0.258061 0.926423 0.951419 -0.164584 0.280446
0.989952 0.0223807 0.139619 0.00691316 0.978553 -0.205878 -0.141232 0.204774 0.968566 0.887044 -0.161182 0.512258
0.934867 0.0206119 -0.3544 -0.00695432 0.999185 0.0397678 0.354931 -0.0347129 0.934248 0.758388 -0.0989395 0.668646
0.627504 -0.0207937 -0.778336 -0.00438497 0.999533 -0.0302384 0.778601 0.0223877 0.62712 0.460602 -0.148455 0.830147
0.642181 0.0739475 -0.762978 -0.0127092 0.996226 0.0858568 0.766448 -0.0454388 0.640698 0.383947 -0.111932 0.97527
0.593373 0.0409073 -0.803888 0.0182842 0.997765 0.0642692 0.80472 -0.052834 0.591299 0.270507 -0.105379 1.1831
0.782756 -0.0228703 -0.621908 0.00492501 0.999521 -0.030558 0.622309 0.0208565 0.782494 0.377895 -0.181493 1.32212
0.673399 -0.0355499 -0.738424 -0.0110051 0.99825 -0.0580947 0.739197 0.0472474 0.67183 0.288339 -0.256843 1.56923
0.653025 0.0378853 -0.756389 0.000965919 0.998706 0.0508562 0.757336 -0.033941 0.652143 0.189056 -0.245195 1.77619
0.784058 0.0490169 -0.618749 0.0329792 0.992179 0.12039 0.61981 -0.114798 0.776309 0.256477 -0.252282 1.96754
0.8418 0.151477 -0.518101 0.0317245 0.944276 0.327622 0.538857 -0.292229 0.790086 0.360369 -0.167446 2.20358
0.940164 0.212571 -0.266281 -0.0521795 0.862126 0.504001 0.336704 -0.459949 0.821631 0.695228 -0.0167521 2.3523
0.550937 0.085161 -0.830191 0.3073 0.904182 0.296684 0.775909 -0.418571 0.471977 0.583607 -0.0735804 2.57745
-0.460919 0.126875 -0.878326 0.361025 0.930934 -0.0549806 0.810688 -0.34244 -0.47489 -0.076631 -0.0882939 2.58986
0.0350839 0.148988 -0.988216 0.203339 0.967077 0.15302 0.97848 -0.206311 0.00363377 0.211643 -0.242456 2.27577
0.134788 0.159348 -0.977978 0.204305 0.961307 0.18479 0.969583 -0.224714 0.0970166 0.0128736 -0.23439 2.4515
0.594606 0.269642 -0.757454 0.104981 0.907985 0.405638 0.797134 -0.320713 0.511586 -0.0745482 -0.138211 2.51729
0.962648 0.233264 -0.137466 -0.115519 0.813027 0.570651 0.244876 -0.533456 0.809605 0.134559 0.038958 2.58677
0.986279 0.00100688 0.165082 -0.0874366 0.851389 0.517196 -0.140028 -0.524534 0.839795 0.479619 0.165567 2.85995
0.744217 -0.0602188 0.665218 -0.289618 0.868343 0.402618 -0.601883 -0.492294 0.628795 1.00397 0.43883 2.96975
0.99962 -0.025456 -0.0105317 0.0268598 0.985547 0.167257 0.00612181 -0.167477 0.985857 0.973512 0.567441 2.78586
-0.116899 0.620752 0.775243 0.723905 0.587667 -0.361399 -0.679924 0.518955 -0.518063 -0.186556 0.434757 0.51633
0.734868 0.247866 0.631294 0.327619 0.685276 -0.650432 -0.593831 0.684806 0.422382 -0.144823 0.509748 -0.714092
0.937367 -0.130817 -0.322846 -0.0962332 0.793489 -0.600929 0.334786 0.594359 0.731201 0.163797 0.0309053 -0.257671
0.825197 -0.104539 -0.555086 -0.057823 0.961927 -0.267119 0.561877 0.252523 0.787735 0.10511 -0.177471 0.0168269
0.823937 -0.0294698 -0.565914 -0.0190635 0.99664 -0.079655 0.566361 0.0764191 0.820607 0.0992677 -0.251096 0.305807
0.983543 0.13107 -0.124353 -0.108114 0.978408 0.17615 0.144756 -0.159807 0.976477 0.371304 -0.187083 0.39085
0.853027 -0.0918839 -0.513714 0.100537 0.994872 -0.0110023 0.512091 -0.042262 0.857891 0.426948 -0.31463 0.710026
0.947446 -0.0408417 -0.317297 0.0106214 0.995286 -0.0963955 0.319738 0.0879594 0.943414 0.710647 -0.506295 0.906626
0.497874 0.117412 -0.859265 0.0310019 0.98775 0.152931 0.866695 -0.102779 0.488135 0.537356 -0.503495 1.2012
0.639074 0.308377 -0.704619 0.0649775 0.891186 0.448961 0.766396 -0.332704 0.549496 0.55764 -0.317211 1.3575
0.711545 0.246982 -0.657802 0.14272 0.865867 0.479484 0.687993 -0.435055 0.580855 0.511611 -0.158957 1.64551
0.678662 0.261422 -0.68635 0.212836 0.824406 0.524458 0.702936 -0.50201 0.503853 0.277214 0.0512688 1.95761
0.830352 0.130392 -0.541769 0.15194 0.88242 0.445252 0.536125 -0.452032 0.712908 -0.104205 0.292501 2.15692
0.982969 -0.0268344 -0.1818 0.0546195 0.987237 0.149601 0.175465 -0.156983 0.971889 -0.680523 0.557074 2.17918
-0.5684 0.433443 0.69932 0.482378 0.864126 -0.143519 -0.666508 0.25576 -0.700252 -1.13872 0.394337 0.343733
0.0363421 0.248872 0.967854 0.283466 0.926148 -0.248791 -0.958293 0.283396 -0.0368886 -1.52119 0.632853 -1.315
0.534069 0.298634 0.790941 0.283204 0.818294 -0.500191 -0.796596 0.491134 0.352451 -0.608947 0.294733 -0.922923
0.999355 0.0033452 -0.0357575 -0.0144568 0.948892 -0.315269 0.0328754 0.315582 0.948329 -0.530048 0.21083 -0.733529
0.992503 -0.0901836 -0.0824914 0.0676894 0.967566 -0.243379 0.101765 0.235971 0.966417 -0.42469 0.154891 -0.388916
0.985926 -0.0457653 -0.160799 0.0266525 0.992528 -0.119068 0.165047 0.113106 0.979779 -0.297103 0.0789455 -0.0592315
0.988648 0.0575718 -0.138782 -0.0263358 0.975777 0.217178 0.147923 -0.211058 0.966216 -0.167284 0.207469 0.231665
0.946123 0.0444004 -0.32075 0.0278273 0.975741 0.217152 0.32261 -0.214378 0.921935 -0.203157 0.249321 0.541412
0.996835 0.0269526 -0.0747966 -0.0252959 0.999415 0.023009 0.075373 -0.0210441 0.996933 0.012942 0.134375 0.775684
0.984635 0.0738507 -0.158238 -0.0509633 0.988249 0.144104 0.16702 -0.133825 0.976829 0.0477785 0.198196 1.09156
0.957911 0.0409371 0.28413 -0.0564525 0.997316 0.0466308 -0.281458 -0.060708 0.957651 0.511359 0.207934 1.24214
0.923526 -0.0148365 0.38325 0.0928323 0.978186 -0.185832 -0.372132 0.207199 0.904758 1.13231 -0.0125037 1.37068
0.764452 -0.00868783 -0.644622 -0.0559844 0.995237 -0.0798047 0.642245 0.0970957 0.760325 0.909326 0.0423313 1.30939
0.572482 -0.0516022 -0.818292 -0.0164205 0.997096 -0.0743655 0.819753 0.0560096 0.569972 0.821725 0.0848738 1.50861
0.345161 -0.0939351 -0.933831 -0.0322099 0.993207 -0.111813 0.937991 0.0686721 0.33979 0.642585 0.0395096 1.80229
0.134002 -0.0559265 -0.989402 -0.0646289 0.995788 -0.0650406 0.988871 0.0726595 0.129823 0.416643 0.0307211 2.07253
0.138511 -0.135268 -0.98108 -0.045896 0.988687 -0.142797 0.989297 0.0648066 0.130736 0.228983 -0.0237794 2.2843
0.069254 -0.107473 -0.991793 -0.0838312 0.990037 -0.113137 0.994071 0.0909784 0.0595544 -0.0606863 -0.0796499 2.53187
0.182635 -0.0150504 -0.983065 -0.0741572 0.996824 -0.0290381 0.98038 0.0782048 0.180939 -0.412007 -0.0902378 2.70354
0.367781 0.0348294 -0.92926 -0.0522928 0.998492 0.0167279 0.928441 0.0424414 0.369048 -0.874752 -0.0586472 2.89516
0.135375 0.0209351 -0.990573 -0.159179 0.987249 -0.000888999 0.977924 0.157799 0.136981 -1.6933 -0.0210459 3.07579
0.694214 0.00357463 0.71976 0.136503 0.981186 -0.136531 -0.706706 0.193032 0.680665 -0.391308 0.225803 1.31029
0.991594 -0.0171286 -0.128252 -0.00124232 0.989893 -0.14181 0.129385 0.140777 0.981551 -0.330128 0.2774 0.856255
0.849534 -0.0335415 -0.526466 0.0372941 0.999298 -0.00348618 0.526213 -0.0166724 0.850189 -0.656719 0.166287 1.12857
-0.505583 -0.275274 0.817686 -0.344534 0.933307 0.10117 -0.791001 -0.230571 -0.566705 -0.734069 0.0999832 -0.0210145
0.233921 -0.186817 0.954138 -0.268722 0.930714 0.248112 -0.934382 -0.314437 0.167512 -1.03429 0.00215451 -1.40727
0.609739 -0.1131 0.784492 -0.206881 0.932746 0.29527 -0.765127 -0.342334 0.545333 -0.211166 0.245389 -0.918859
0.963725 -0.00959467 0.266724 -0.0159848 0.995485 0.0935662 -0.266417 -0.0944357 0.95922 0.0928046 0.304364 -0.541975
0.987821 -0.00692243 0.155439 0.0209279 0.995843 -0.0886485 -0.154179 0.0908219 0.98386 0.319034 0.266717 -0.154143
0.99119 0.00603342 -0.132314 -0.0186356 0.995377 -0.0942145 0.131133 0.0958502 0.98672 0.429258 0.303294 0.21497
0.918248 -0.0100796 -0.395877 -0.0468995 0.989872 -0.133988 0.393218 0.141601 0.908476 0.411242 0.33625 0.574857
0.966256 -0.055565 -0.251518 0.00448316 0.979936 -0.199263 0.257544 0.191411 0.947118 0.630753 0.350789 0.853811
0.886715 -0.094854 -0.452481 -0.0457136 0.955941 -0.289979 0.46005 0.277813 0.843311 0.701949 0.315583 1.22918
0.762548 -0.111504 -0.63725 -0.106284 0.950057 -0.293419 0.638142 0.291475 0.712613 0.643307 0.281105 1.57045
0.740355 -0.126271 -0.66025 -0.0954949 0.952481 -0.289241 0.665398 0.277192 0.693116 0.594513 0.234748 1.88156
0.719628 -0.0611703 -0.69166 -0.100728 0.976379 -0.191151 0.687015 0.207227 0.696468 0.439659 0.192757 2.19827
0.822634 -0.044435 -0.566832 -0.0352012 0.991049 -0.128777 0.56748 0.12589 0.813706 0.130199 0.0901741 2.47459
0.907182 -0.0578242 -0.416746 0.0383552 0.997752 -0.0549472 0.418987 0.0338627 0.907361 -0.430901 -0.104224 2.51277
-0.0503972 -0.357318 0.932622 -0.402906 0.861723 0.308382 -0.913853 -0.360217 -0.187394 -0.456301 -0.335966 0.4704
0.523958 -0.165176 0.835574 -0.145472 0.949247 0.278868 -0.839229 -0.267668 0.473337 -0.487388 -0.41783 -0.426993
0.937782 -0.0391584 0.345009 -0.0226073 0.984626 0.173205 -0.346487 -0.170228 0.92248 0.0412835 -0.224197 0.0467865
0.98175 0.01138 -0.189837 -0.00141581 0.998618 0.0525414 0.190172 -0.0513137 0.980409 0.21723 -0.123839 0.467883
0.87385 -0.0203306 -0.485771 -0.0105516 0.998097 -0.0607538 0.486082 0.0582153 0.871972 0.259098 -0.0967563 0.837976
