0.999963 -0.000706829 -0.00853612 0.116004 0.000673723 0.999992 -0.00388071 0.0257434 0.0085388 0.00387481 0.999956 0.992915
0.999938 -0.00188649 -0.0110108 -0.00566354 0.00183746 0.999988 -0.00446107 0.0210368 0.011019 0.00444056 0.999929 1.8447
0.999996 -0.00266741 -0.000331857 -0.366872 0.00266878 0.999988 0.00418801 -0.133398 0.000320681 -0.00418888 0.999991 2.60898
0.99999 -0.00450645 0.000339246 -0.4964 0.00450471 0.999977 0.00497742 -0.145108 -0.000361669 -0.00497584 0.999988 3.45953
0.999878 -0.00528422 -0.0147132 -0.35764 0.00532686 0.999982 0.00286047 -0.128757 0.0146978 -0.00293849 0.999888 4.30753
0.99989 -0.0136813 0.00577091 -0.808754 0.0136184 0.999849 0.0108135 -0.241291 -0.00591798 -0.0107337 0.999925 5.03153
0.99989 -0.0136813 0.00577091 -0.808754 0.0136184 0.999849 0.0108135 -0.241291 -0.00591798 -0.0107337 0.999925 5.03153
0.999803 -0.0169858 0.0103023 -1.06331 0.0168519 0.999774 0.0129425 -0.239277 -0.0105198 -0.0127664 0.999863 5.85355
0.999774 -0.0204667 0.00568732 -1.13822 0.0203619 0.999632 0.0179081 -0.258435 -0.00605175 -0.0177882 0.999823 6.70951
0.999714 -0.0238948 0.00116802 -1.15637 0.0238646 0.99949 0.0212296 -0.254959 -0.0016747 -0.0211957 0.999774 7.56962
0.999447 -0.0175274 -0.0282651 -0.659998 0.0182293 0.999527 0.0247713 -0.322118 0.0278175 -0.0252728 0.999293 8.26943
0.999287 -0.0211099 -0.0312907 -0.737295 0.0218988 0.999445 0.0250875 -0.307964 0.0307437 -0.0257548 0.999195 9.12497
0.999138 -0.0263776 -0.0320559 -0.76406 0.0271678 0.999331 0.0244698 -0.30338 0.031389 -0.0253196 0.999186 9.98497
0.999138 -0.0263776 -0.0320559 -0.76406 0.0271678 0.999331 0.0244698 -0.30338 0.031389 -0.0253196 0.999186 9.98497
0.995402 -0.0190243 0.0938759 -1.4749 0.0103767 0.995727 0.0917592 -0.686317 -0.0952205 -0.0903632 0.991346 10.2799
0.991856 -0.0178148 0.126116 -2.12234 0.00721201 0.996437 0.0840343 -0.562492 -0.127163 -0.0824404 0.98845 10.8258
0.99128 -0.0349705 0.127046 -2.22667 0.0244268 0.996198 0.0836214 -0.435886 -0.129487 -0.0797889 0.988366 11.6737
0.991344 -0.0322978 0.127256 -2.2255 0.0220144 0.996438 0.0814023 -0.370818 -0.129432 -0.0778962 0.988524 12.542
0.992028 -0.0366485 0.12057 -2.14508 0.0266162 0.996128 0.0837903 -0.290887 -0.123174 -0.0799133 0.989162 13.4163
0.993208 -0.0362044 0.110579 -1.81884 0.0272873 0.996331 0.0811152 -0.116818 -0.11311 -0.0775469 0.990552 14.228
0.983531 -0.0439078 0.175327 -2.58494 0.029692 0.996116 0.0828982 -0.0982097 -0.178286 -0.0763271 0.981014 14.7032
0.984301 -0.00625627 0.176387 -2.32816 -0.00672963 0.997315 0.0729274 -0.28966 -0.17637 -0.0729695 0.981616 15.5509
0.984336 0.0188961 0.175285 -2.13123 -0.0310656 0.997273 0.0669449 -0.428799 -0.173542 -0.0713416 0.982239 16.4315
0.984308 -0.00968161 0.176194 -1.84587 -0.00420696 0.996922 0.0782815 -0.0765276 -0.17641 -0.0777944 0.981238 17.2264
0.9845 -0.00876041 0.175168 -1.70549 -0.00536323 0.996781 0.0799936 -0.0232303 -0.175305 -0.0796931 0.981283 18.1326
0.9845 -0.00876041 0.175168 -1.70549 -0.00536323 0.996781 0.0799936 -0.0232303 -0.175305 -0.0796931 0.981283 18.1326
0.9845 -0.00876041 0.175168 -1.70549 -0.00536323 0.996781 0.0799936 -0.0232303 -0.175305 -0.0796931 0.981283 18.1326
0.983913 -0.00649231 0.178528 -1.52124 -0.00829353 0.996602 0.08195 0.0189504 -0.178453 -0.0821123 0.980516 19.0506
0.965759 -0.0181093 0.258808 -2.33273 -0.00547173 0.995917 0.0901043 -0.0194482 -0.259383 -0.0884352 0.961717 19.5314
0.960646 -0.0248954 0.276657 -2.49083 -0.00161049 0.99546 0.0951699 -0.0447135 -0.27777 -0.0918702 0.956244 20.4647
0.959838 -0.0290093 0.27905 -2.32246 0.0034972 0.9958 0.0914915 0.0692639 -0.280532 -0.0868412 0.955908 21.3921
0.961342 -0.0279896 0.273932 -1.93609 0.00347747 0.995975 0.0895619 0.120071 -0.275337 -0.0851469 0.95757 22.2621
0.960773 -0.02985 0.275724 -1.72178 0.00484492 0.995846 0.0909284 0.221751 -0.277293 -0.0860257 0.956926 23.1924
0.96218 -0.0358575 0.270043 -1.37254 0.00942671 0.995088 0.0985444 0.321849 -0.27225 -0.0922718 0.957792 24.0916
0.956333 -0.036894 0.289942 -1.82448 0.00979364 0.995489 0.0943692 0.560606 -0.292116 -0.0874088 0.95238 24.9243
0.957483 -0.0438151 0.285144 -1.44012 0.0170035 0.995252 0.0958342 0.637783 -0.287989 -0.0869112 0.953682 25.8234
0.957753 -0.0476245 0.283621 -1.22698 0.0215942 0.995318 0.0942091 0.713198 -0.28678 -0.0841045 0.954298 26.7776
0.95841 -0.0387504 0.282753 -0.809338 0.0142245 0.995994 0.0882829 0.676552 -0.285042 -0.0805892 0.955121 27.664
0.959432 -0.0414137 0.278882 -0.563537 0.0166999 0.995764 0.0904176 0.752816 -0.281445 -0.0820922 0.956059 28.6156
0.960096 -0.0394267 0.276876 -0.238103 0.014318 0.995644 0.0921292 0.779867 -0.279302 -0.0844886 0.956479 29.5749
0.960235 -0.0352603 0.276957 0.103719 0.00927274 0.995473 0.0945877 0.836711 -0.279038 -0.0882583 0.956216 30.5772
0.961022 -0.0344572 0.274317 0.462088 0.00817734 0.995312 0.0963741 0.879011 -0.276352 -0.0903745 0.956798 31.5575
0.96234 -0.0395775 0.268951 0.791822 0.0125987 0.994775 0.101307 0.98821 -0.271555 -0.0941032 0.957811 32.5447
0.962559 -0.0420297 0.267793 1.0515 0.0149313 0.994628 0.102436 1.13909 -0.270659 -0.0946024 0.958016 33.5353
0.963473 -0.0305295 0.266059 1.44351 0.00338663 0.99479 0.101885 1.16467 -0.267784 -0.0972624 0.958557 34.4959
0.964926 -0.0257639 0.261254 1.85891 -0.000382783 0.995033 0.0995404 1.23592 -0.262521 -0.0961491 0.960124 35.4311
0.964227 -0.0251728 0.26388 2.03844 -0.000919164 0.995157 0.0982916 1.31607 -0.265076 -0.095018 0.959534 36.4369
0.963122 -0.0199726 0.268322 2.28074 -0.00543516 0.995593 0.0936166 1.38779 -0.269009 -0.0916226 0.95877 37.4174
0.965054 -0.0170992 0.261494 2.81107 -0.00734617 0.995711 0.0922215 1.47572 -0.261949 -0.0909197 0.960789 38.27
0.966378 -0.0173889 0.256537 3.13123 -0.00789538 0.995233 0.0972023 1.48748 -0.257004 -0.0959597 0.961634 39.2211
0.965746 -0.0174783 0.258899 3.29903 -0.00796904 0.995261 0.0969161 1.59759 -0.259366 -0.0956595 0.96103 40.2025
0.965086 -0.012728 0.261626 3.44306 -0.0113578 0.995846 0.0903443 1.68439 -0.261689 -0.0901615 0.960932 41.1859
0.965536 -0.00525836 0.260216 3.7947 -0.0173148 0.996283 0.0843793 1.71338 -0.259693 -0.0859769 0.961856 42.1098
0.966822 0.003285 0.255428 4.19903 -0.0249784 0.996341 0.0817321 1.72296 -0.254225 -0.0854007 0.963367 43.0031
0.967339 0.0106248 0.253265 4.53064 -0.0329117 0.995928 0.0839248 1.70196 -0.251342 -0.0895191 0.96375 43.9298
0.966612 0.0104342 0.256032 4.73471 -0.0336707 0.995679 0.0865417 1.76301 -0.254022 -0.092273 0.962787 44.89
0.968133 0.0136298 0.250067 5.23816 -0.036385 0.995578 0.0866009 1.80134 -0.247781 -0.0929399 0.964348 45.729
0.969043 0.00978538 0.246698 5.50479 -0.0319884 0.995768 0.0861544 1.88424 -0.244811 -0.0913788 0.965255 46.6606
0.944442 -0.00296165 0.328665 4.7572 -0.0246919 0.996494 0.0799335 2.00109 -0.32775 -0.0836079 0.941058 47.2602
0.946819 -0.00165112 0.321763 5.20419 -0.0271381 0.996014 0.0849673 1.92429 -0.320621 -0.0891807 0.943 48.1129
0.949822 -0.00390587 0.312767 5.65216 -0.0258094 0.995534 0.0908111 1.97556 -0.311725 -0.0943267 0.945479 48.9616
0.949145 -0.00539154 0.314793 5.79976 -0.0261794 0.995039 0.0959768 2.08132 -0.313749 -0.099337 0.944295 49.9087
0.949893 -9.19855e-05 0.312575 6.15893 -0.0323591 0.994598 0.0986295 2.08387 -0.310896 -0.103802 0.944759 50.8033
0.953428 0.0077962 0.30152 6.81974 -0.0385001 0.994634 0.0960223 1.9831 -0.299154 -0.103159 0.948612 51.4845
0.925676 -0.00610463 0.378269 6.08058 -0.0308177 0.99533 0.0914781 2.04117 -0.377061 -0.0963364 0.921165 52.0682
0.933061 0.00281994 0.359708 6.73795 -0.0363418 0.995592 0.0864635 2.03879 -0.357878 -0.0937481 0.92905 52.7222
0.931907 0.00754394 0.362619 6.93103 -0.0416989 0.995383 0.0864554 2.07425 -0.360293 -0.0956892 0.927919 53.6185
0.909233 0.00224075 0.416281 6.32781 -0.0434306 0.995039 0.0895042 2.12769 -0.414016 -0.0994596 0.90482 54.3029
0.904553 0.00758819 0.426293 5.91062 -0.050154 0.994794 0.0887143 2.22003 -0.423401 -0.101627 0.900224 55.0968
0.921062 0.01264 0.389212 6.5691 -0.0433143 0.996597 0.070137 2.44652 -0.387001 -0.081459 0.918474 55.6446
0.890487 0.000696196 0.455009 6.05825 -0.0393087 0.996378 0.0754056 2.48479 -0.453308 -0.0850335 0.887289 56.35
0.890502 0.00169288 0.454976 6.42346 -0.0407666 0.996268 0.0760835 2.52048 -0.453149 -0.0863004 0.887247 57.1256
0.875481 -0.00346982 0.483239 6.06724 -0.0399508 0.996032 0.0795305 2.56066 -0.481598 -0.0889333 0.871869 57.8921
0.873604 -0.0038025 0.486623 6.31221 -0.040611 0.995912 0.0806884 2.60402 -0.48494 -0.090252 0.869878 58.6858
0.871867 -0.00351094 0.489729 6.52909 -0.0427119 0.995619 0.0831779 2.64725 -0.487876 -0.0934374 0.867898 59.475
0.872903 -0.00279761 0.487887 6.91541 -0.044464 0.995366 0.0852604 2.74375 -0.485864 -0.0961174 0.868733 60.1776
0.873504 -0.0038646 0.486801 7.21466 -0.0440156 0.995246 0.0868815 2.82472 -0.484823 -0.0973182 0.869181 60.9119
0.87375 0.00154804 0.486374 7.57863 -0.0461139 0.995754 0.0796723 2.89551 -0.484185 -0.0920422 0.870111 61.5974
0.874228 0.00134563 0.485515 7.87728 -0.0414633 0.99655 0.0718977 2.95793 -0.483743 -0.082986 0.871267 62.2898
0.873332 -0.0012258 0.487125 8.08511 -0.0363412 0.997046 0.0676625 3.02198 -0.485769 -0.0767944 0.870707 62.9909
0.872776 -0.0014836 0.488118 8.60603 -0.0361203 0.997057 0.0676152 3.0203 -0.486782 -0.0766439 0.870154 63.4821
0.859722 0.000350795 0.510762 8.0737 -0.0424806 0.996584 0.0708196 2.98949 -0.508992 -0.0825826 0.8568 63.9329
0.858221 0.00164341 0.513278 8.32977 -0.0453 0.996335 0.0725533 3.01213 -0.511278 -0.0855183 0.85515 64.5625
0.858371 0.0105733 0.51292 8.52843 -0.0654335 0.993879 0.0890151 2.56088 -0.508839 -0.10997 0.853809 65.001
0.857988 0.00158975 0.513667 8.80334 -0.0542136 0.99469 0.0874755 2.66208 -0.510801 -0.102901 0.853519 65.5632
0.857159 -0.00323848 0.515041 9.0594 -0.0478128 0.995162 0.0858301 2.71134 -0.512827 -0.0981956 0.852858 66.1193
0.854427 -0.00230618 0.519566 9.31992 -0.048781 0.995217 0.0846379 2.77815 -0.517276 -0.0976619 0.850228 66.652
0.851652 -0.000118946 0.524108 9.60487 -0.0527446 0.994904 0.0859335 2.83795 -0.521447 -0.100829 0.847306 67.1587
0.849263 -0.00900454 0.527894 9.85961 -0.0474124 0.994514 0.0932399 2.91578 -0.525837 -0.104214 0.844177 67.6656
0.842655 -0.0122647 0.538314 9.99974 -0.0463858 0.994371 0.0952658 3.01089 -0.536452 -0.105246 0.837342 68.1962
0.836294 -0.0213949 0.547864 10.1751 -0.0421596 0.993771 0.103163 3.05251 -0.546659 -0.109372 0.830182 68.7096
0.834212 0.0242783 0.550909 10.3005 -0.124388 0.981567 0.145097 2.56591 -0.537232 -0.189568 0.821855 68.8843
0.822252 0.0192118 0.568799 10.4115 -0.122554 0.98196 0.143996 2.69348 -0.555772 -0.188109 0.809773 69.3682
0.741934 -0.00273576 0.670468 10.0467 -0.145089 0.975642 0.164535 2.63757 -0.654587 -0.219351 0.723465 69.7085
0.713072 -0.0165929 0.700895 9.94983 -0.1436 0.975068 0.169179 2.71666 -0.686227 -0.221285 0.692911 70.1803
0.66354 -0.0362215 0.747263 9.64912 -0.149824 0.97216 0.180161 2.66618 -0.732985 -0.231502 0.63964 70.5441
0.635061 -0.0473542 0.771009 9.84729 -0.149069 0.971845 0.182474 2.78515 -0.757942 -0.230815 0.610122 70.9421
0.621326 -0.0706371 0.780362 10.1869 -0.13109 0.97252 0.192405 3.08532 -0.772509 -0.221844 0.594992 70.9017
0.580738 -0.0789575 0.810253 10.3037 -0.131528 0.97311 0.189098 3.20487 -0.803395 -0.216387 0.554736 71.3197
0.543746 -0.084195 0.835016 10.6589 -0.132853 0.973774 0.184698 3.27379 -0.828668 -0.211363 0.518301 71.5661
0.543746 -0.084195 0.835016 10.6589 -0.132853 0.973774 0.184698 3.27379 -0.828668 -0.211363 0.518301 71.5661
0.495423 -0.0992282 0.862966 10.8661 -0.130142 0.973762 0.186682 3.382 -0.858847 -0.204794 0.469511 71.9293
0.447129 -0.110877 0.887571 11.1566 -0.132108 0.973219 0.188128 3.40472 -0.88466 -0.201372 0.420506 72.2222
0.388406 -0.12703 0.912691 11.5206 -0.130681 0.972849 0.191016 3.49429 -0.912175 -0.193463 0.36126 72.404
0.33226 -0.13569 0.933377 11.8991 -0.127822 0.97399 0.187096 3.6137 -0.934486 -0.181471 0.306273 72.4051
0.267635 -0.148795 0.951962 12.2867 -0.127282 0.973886 0.188005 3.66775 -0.955076 -0.171484 0.241707 72.5023
0.199587 -0.161541 0.966473 12.674 -0.125194 0.97403 0.188658 3.74054 -0.97185 -0.15865 0.17418 72.5488
0.13142 -0.173138 0.97609 13.0476 -0.124735 0.973916 0.189547 3.79746 -0.983448 -0.146663 0.106396 72.5729
0.0547105 -0.182966 0.981596 13.4208 -0.1273 0.973768 0.188603 3.86878 -0.990354 -0.135276 0.0299837 72.6479
-0.00255322 -0.188571 0.982056 13.7604 -0.130507 0.973723 0.186632 3.91237 -0.991444 -0.127688 -0.0270959 72.4986
-0.0656069 -0.188553 0.979869 14.1341 -0.137749 0.974294 0.178258 3.88138 -0.988292 -0.123281 -0.0898934 72.3981
-0.123308 -0.201714 0.971651 14.468 -0.13633 0.973284 0.184752 3.95989 -0.982959 -0.109684 -0.147514 72.2266
-0.182752 -0.217699 0.958754 14.8217 -0.135199 0.971477 0.194817 4.05075 -0.973819 -0.0940188 -0.206972 72.1369
-0.240312 -0.220203 0.945389 15.1842 -0.133794 0.972148 0.192426 4.09865 -0.961431 -0.0802447 -0.263081 72.032
-0.341932 -0.225829 0.912186 15.46 -0.121028 0.973194 0.195565 4.23635 -0.931899 -0.0435304 -0.360097 72.2384
-0.388999 -0.225398 0.893239 15.7658 -0.119913 0.973746 0.193491 4.26868 -0.9134 -0.0318431 -0.405815 72.0148
-0.431589 -0.231567 0.871841 16.0833 -0.122304 0.972586 0.197781 4.33301 -0.893741 -0.0212696 -0.448079 71.8139
-0.470122 -0.245645 0.847728 16.379 -0.130544 0.969277 0.208471 4.40958 -0.872894 -0.0126596 -0.487746 71.5938
-0.503419 -0.249447 0.827252 16.6783 -0.132946 0.968381 0.211099 4.50958 -0.853753 -0.00370893 -0.520665 71.3673
-0.533143 -0.248019 0.808854 16.9688 -0.129137 0.968718 0.211919 4.58517 -0.836111 0.00852996 -0.548494 71.1254
-0.560562 -0.237298 0.793385 17.2597 -0.11955 0.971218 0.206019 4.64855 -0.819438 0.0206374 -0.572797 70.8802
-0.583961 -0.230074 0.778496 17.5345 -0.114246 0.972744 0.201784 4.66896 -0.803703 0.0288942 -0.594329 70.6062
-0.603997 -0.229691 0.763171 17.8047 -0.113322 0.972592 0.203034 4.72082 -0.788889 0.0361473 -0.613471 70.3246
-0.621466 -0.233673 0.747781 18.0557 -0.11406 0.9713 0.208726 4.79329 -0.775094 0.0444241 -0.630283 70.0162
-0.635293 -0.24004 0.734018 18.312 -0.114174 0.969216 0.218138 4.8745 -0.763784 0.0547758 -0.643143 69.7049
-0.635293 -0.24004 0.734018 18.312 -0.114174 0.969216 0.218138 4.8745 -0.763784 0.0547758 -0.643143 69.7049
-0.650075 -0.234674 0.722724 18.6278 -0.110799 0.970225 0.215377 4.98527 -0.751748 0.0599344 -0.656721 69.4356
-0.661076 -0.231265 0.713789 18.9343 -0.112977 0.971149 0.210014 5.05578 -0.741765 0.0581936 -0.668131 69.1132
-0.671448 -0.23176 0.703878 19.25 -0.116571 0.971044 0.208528 5.13593 -0.731826 0.0579641 -0.679022 68.7766
-0.680263 -0.22725 0.69685 19.5114 -0.115988 0.972119 0.203791 5.14479 -0.723732 0.057805 -0.687655 68.3795
-0.686887 -0.234824 0.687782 19.83 -0.122309 0.970215 0.209103 5.26546 -0.716398 0.0595087 -0.695149 68.0303
-0.692986 -0.235233 0.681496 20.1222 -0.122055 0.969907 0.210671 5.3665 -0.710544 0.0628123 -0.700843 67.6396
-0.69892 -0.234288 0.675737 20.4577 -0.121853 0.970016 0.210285 5.45674 -0.704743 0.0646319 -0.706512 67.2593
-0.70107 -0.242942 0.670433 20.7767 -0.128162 0.967794 0.216677 5.59486 -0.701481 0.0659821 -0.709627 66.8584
-0.706378 -0.240448 0.665744 21.137 -0.126113 0.968239 0.21589 5.69465 -0.696509 0.0685406 -0.714267 66.4601
-0.708748 -0.243894 0.661961 21.4605 -0.128601 0.967282 0.218696 5.8141 -0.693641 0.0698721 -0.716924 66.0136
-0.710245 -0.249362 0.658309 21.8196 -0.133296 0.96588 0.222055 5.94034 -0.69122 0.0699637 -0.71925 65.5703
-0.710189 -0.246972 0.65927 22.1273 -0.132604 0.966613 0.219261 5.99126 -0.69141 0.0682948 -0.719227 65.0538
-0.709937 -0.249782 0.658483 22.4995 -0.135613 0.965979 0.220214 6.10438 -0.691086 0.0670392 -0.719657 64.5716
-0.714465 -0.24878 0.653949 23.0115 -0.135125 0.966117 0.219908 6.25748 -0.6865 0.0687518 -0.723873 64.2197
-0.715184 -0.252227 0.651838 23.4527 -0.138644 0.965278 0.221395 6.40563 -0.685047 0.0679652 -0.725322 63.7588
-0.769851 -0.25091 0.586833 24.0428 -0.137898 0.963154 0.230907 6.58849 -0.623148 0.0968406 -0.776086 64.0283
-0.769851 -0.25091 0.586833 24.0428 -0.137898 0.963154 0.230907 6.58849 -0.623148 0.0968406 -0.776086 64.0283
-0.771557 -0.253839 0.583323 24.5907 -0.14002 0.962219 0.233516 6.76868 -0.62056 0.0984936 -0.777949 63.6185
-0.771557 -0.253839 0.583323 24.5907 -0.14002 0.962219 0.233516 6.76868 -0.62056 0.0984936 -0.777949 63.6185
-0.768409 -0.254287 0.58727 25.0222 -0.141809 0.962512 0.231217 6.90977 -0.62405 0.0943888 -0.775663 63.0349
-0.765425 -0.254004 0.591276 25.4373 -0.142823 0.962944 0.228779 7.0569 -0.627476 0.0906656 -0.773339 62.4162
-0.769738 -0.249804 0.587454 26.0648 -0.14131 0.964102 0.224809 7.24136 -0.622523 0.0900308 -0.777405 62.0059
-0.767732 -0.244989 0.592087 26.4138 -0.137206 0.965445 0.221564 7.36275 -0.625909 0.0888641 -0.774817 61.3097
-0.770996 -0.243328 0.588521 27.0533 -0.136812 0.965836 0.220099 7.51929 -0.621971 0.0891787 -0.777946 60.8632
-0.814704 -0.233819 0.530647 27.7438 -0.12216 0.963771 0.237114 7.83651 -0.566864 0.128354 -0.813751 61.1244
-0.820331 -0.225279 0.525648 28.3532 -0.112915 0.964853 0.237294 8.04827 -0.560631 0.135306 -0.816937 60.6421
-0.817028 -0.217458 0.53402 28.6426 -0.10448 0.966659 0.233783 8.12918 -0.567053 0.135213 -0.812508 59.8892
-0.812476 -0.216684 0.541231 28.9375 -0.102679 0.967036 0.233018 8.30795 -0.573881 0.133748 -0.807943 59.1498
-0.820455 -0.210325 0.531617 29.5747 -0.0985132 0.967972 0.230924 8.52743 -0.56316 0.137092 -0.814897 58.6828
-0.827109 -0.207474 0.522346 30.1291 -0.0948236 0.967562 0.234164 8.8502 -0.553985 0.144148 -0.819952 58.1712
-0.837192 -0.203072 0.507811 30.9047 -0.0950522 0.968405 0.230557 8.98342 -0.538587 0.144752 -0.830043 57.9439
-0.837798 -0.198284 0.508702 31.3116 -0.0902024 0.969187 0.229216 9.16627 -0.538477 0.146151 -0.829869 57.2565
-0.835944 -0.196456 0.512448 31.6713 -0.0876519 0.969541 0.228707 9.3371 -0.54177 0.146269 -0.827702 56.5427
-0.845136 -0.191092 0.499228 32.3099 -0.0858738 0.970325 0.226041 9.46565 -0.527608 0.148165 -0.836467 56.0543
-0.871111 -0.182416 0.45595 33.1222 -0.0907696 0.972262 0.215562 9.44908 -0.482625 0.146392 -0.863506 56.0752
-0.920048 -0.163718 0.35596 33.9209 -0.0920835 0.97342 0.2097 9.52424 -0.38083 0.160156 -0.910669 56.2103
-0.931637 -0.153128 0.329553 34.5129 -0.0885223 0.975195 0.202877 9.6621 -0.352444 0.159835 -0.922082 55.6722
-0.934543 -0.150639 0.322392 34.8478 -0.0883386 0.975829 0.199885 9.81738 -0.34471 0.158321 -0.925262 54.9469
-0.938634 -0.148223 0.311442 35.1683 -0.0873606 0.975676 0.201058 9.98484 -0.333668 0.161512 -0.928752 54.2187
-0.949912 -0.145467 0.276598 35.8214 -0.0910395 0.975482 0.200366 10.0736 -0.298963 0.165148 -0.939865 53.7513
-0.9615 -0.135594 0.239021 36.3441 -0.0891206 0.976639 0.195534 10.1912 -0.259951 0.166704 -0.951123 53.1537
-0.962269 -0.134794 0.236367 36.3331 -0.0888423 0.97671 0.195308 10.3042 -0.257188 0.166939 -0.951833 52.3599
-0.965156 -0.130659 0.226722 36.4474 -0.0868572 0.97726 0.193441 10.4317 -0.246841 0.167008 -0.954556 51.5803
-0.96783 -0.129954 0.215445 36.6071 -0.0882692 0.977234 0.192929 10.5697 -0.235612 0.167705 -0.957268 50.8161
-0.972425 -0.125687 0.196452 36.8319 -0.0872064 0.97721 0.193537 10.7268 -0.2163 0.171068 -0.961223 50.0726
-0.974746 -0.124724 0.18524 36.9897 -0.0882408 0.97711 0.19357 10.8696 -0.205143 0.172336 -0.96344 49.3145
-0.975048 -0.125921 0.182826 36.9986 -0.0893799 0.97654 0.195908 10.9891 -0.203205 0.174679 -0.963429 48.5434
-0.976589 -0.125816 0.174485 37.042 -0.0908375 0.976452 0.195677 11.1031 -0.194996 0.175246 -0.965021 47.7766
-0.978359 -0.122779 0.166552 37.1083 -0.0893131 0.976662 0.195334 11.2088 -0.186648 0.176232 -0.966491 47.017
-0.980469 -0.118714 0.156806 37.2179 -0.0869597 0.976787 0.195767 11.3257 -0.176406 0.178307 -0.968033 46.2721
-0.982329 -0.112695 0.149431 37.2987 -0.0828809 0.977779 0.192561 11.3721 -0.167811 0.176773 -0.969841 45.5229
-0.98268 -0.120622 0.140679 37.3479 -0.0919514 0.97649 0.194967 11.5936 -0.160889 0.178655 -0.970668 44.8107
-0.990645 -0.120384 0.0642722 38.0289 -0.109218 0.98178 0.155498 11.3125 -0.0818206 0.147024 -0.985743 44.7357
-0.990824 -0.121775 0.0586467 37.9883 -0.1117 0.98205 0.151988 11.3605 -0.0761022 0.144042 -0.986641 44.0055
-0.990819 -0.124617 0.0524237 38.009 -0.115523 0.981834 0.150522 11.4588 -0.0702289 0.143083 -0.987216 43.2885
-0.991203 -0.123859 0.0466494 38.1208 -0.115757 0.982166 0.148154 11.5401 -0.0641676 0.141451 -0.987863 42.5837
-0.991229 -0.124531 0.0442459 38.1617 -0.116774 0.982067 0.148013 11.6504 -0.0618847 0.141547 -0.987995 41.8873
-0.990834 -0.130285 0.0356792 38.3556 -0.123638 0.981081 0.148973 11.7501 -0.0544132 0.143197 -0.988197 41.2316
-0.990834 -0.130285 0.0356792 38.3556 -0.123638 0.981081 0.148973 11.7501 -0.0544132 0.143197 -0.988197 41.2316
-0.990843 -0.131386 0.0311048 38.5721 -0.125252 0.980473 0.151609 11.8936 -0.0504168 0.146325 -0.987951 40.625
-0.99086 -0.132131 0.0271755 38.7479 -0.126606 0.980432 0.150745 11.9771 -0.0465618 0.145927 -0.988199 40.0117
-0.990488 -0.134243 0.0301971 38.8485 -0.128163 0.979947 0.152571 12.0814 -0.0500732 0.14725 -0.987831 39.4044
-0.98923 -0.140164 0.0421674 38.8366 -0.132214 0.979277 0.153414 12.1817 -0.0627966 0.146186 -0.987262 38.8079
-0.98866 -0.140735 0.0523879 38.9651 -0.131364 0.979553 0.152377 12.2394 -0.0727615 0.143768 -0.986933 38.2401
-0.986812 -0.145497 0.0709432 39.0112 -0.133182 0.978888 0.15505 12.3441 -0.0920046 0.143557 -0.985356 37.6874
-0.984672 -0.147889 0.0924613 39.1057 -0.132061 0.978466 0.158634 12.4396 -0.11393 0.143992 -0.982999 37.1604
-0.980942 -0.153604 0.118991 39.189 -0.133415 0.97769 0.162241 12.5249 -0.141258 0.143274 -0.97955 36.6381
-0.977844 -0.155702 0.139919 39.4121 -0.132641 0.977953 0.161292 12.5757 -0.161947 0.139159 -0.976938 36.1621
-0.97381 -0.156676 0.164765 39.646 -0.130816 0.978802 0.157586 12.6138 -0.185963 0.131905 -0.973663 35.6948
-0.965809 -0.161647 0.202691 39.7568 -0.131056 0.978981 0.156271 12.7345 -0.223691 0.124364 -0.966693 35.1959
-0.952461 -0.167247 0.25465 39.6883 -0.131539 0.979676 0.151433 12.7707 -0.274802 0.110737 -0.955103 34.6796
-0.938321 -0.169722 0.301243 39.8393 -0.130688 0.980695 0.145456 12.8471 -0.320115 0.0971159 -0.942388 34.1942
-0.916577 -0.172925 0.360533 39.8903 -0.130658 0.98168 0.138681 12.8729 -0.37791 0.080005 -0.922379 33.6832
-0.916577 -0.172925 0.360533 39.8903 -0.130658 0.98168 0.138681 12.8729 -0.37791 0.080005 -0.922379 33.6832
-0.896379 -0.167019 0.41062 40.2485 -0.126039 0.984101 0.125139 12.8303 -0.424992 0.0604176 -0.903178 33.3409
-0.857507 -0.187853 0.478949 40.3821 -0.1408 0.981102 0.13272 12.8399 -0.49483 0.046372 -0.867752 32.86
0.323719 -0.126086 0.937715 40.87 0.551947 0.830136 -0.0789232 12.9177 -0.76848 0.543118 0.338323 32.8525
0.433442 -0.109882 0.894457 41.3303 0.499243 0.855591 -0.136819 12.8937 -0.750256 0.505855 0.425707 32.9203
0.533877 -0.133378 0.834976 41.8082 0.465552 0.870696 -0.158586 12.9074 -0.705858 0.473391 0.526939 32.9636
0.609926 -0.159038 0.776336 42.2542 0.434247 0.886552 -0.159549 12.8936 -0.662888 0.434435 0.609792 33.0569
0.609926 -0.159038 0.776336 42.2542 0.434247 0.886552 -0.159549 12.8936 -0.662888 0.434435 0.609792 33.0569
0.653006 -0.192202 0.732558 42.5778 0.435205 0.886843 -0.155262 12.7844 -0.619822 0.4202 0.662761 33.3886
0.697323 -0.231822 0.678232 42.9479 0.432034 0.890979 -0.139655 12.6922 -0.571915 0.390404 0.721455 33.6319
0.697323 -0.231822 0.678232 42.9479 0.432034 0.890979 -0.139655 12.6922 -0.571915 0.390404 0.721455 33.6319
0.733458 -0.25626 0.629579 43.1734 0.429586 0.892547 -0.13717 12.6058 -0.526778 0.371067 0.764732 34.0444
0.758277 -0.284763 0.586453 43.3513 0.432874 0.892563 -0.126301 12.4665 -0.48748 0.349631 0.800076 34.4417
0.79293 -0.29803 0.531451 43.643 0.425698 0.895002 -0.133241 12.4992 -0.43594 0.331889 0.836544 34.8232
0.81566 -0.309016 0.48909 43.8185 0.419967 0.897713 -0.133191 12.3896 -0.397904 0.31404 0.862004 35.2588
0.835864 -0.314396 0.449984 43.9991 0.41201 0.901001 -0.135812 12.3162 -0.362738 0.298918 0.882649 35.6865
0.849912 -0.323786 0.415708 44.1678 0.410946 0.901105 -0.138325 12.2282 -0.329809 0.288397 0.898918 36.139
0.86071 -0.331784 0.386132 44.3228 0.410237 0.901149 -0.140129 12.1389 -0.30147 0.279016 0.911738 36.5837
0.863913 -0.345726 0.366236 44.4942 0.417271 0.898535 -0.136085 12.0655 -0.282028 0.270386 0.920517 37.0386
0.867126 -0.352987 0.351416 44.6639 0.419838 0.897601 -0.134344 11.9915 -0.26801 0.264031 0.92653 37.4949
0.870043 -0.359351 0.337478 44.8526 0.421765 0.897018 -0.132184 11.9251 -0.255223 0.257342 0.932006 37.9489
0.874311 -0.358706 0.326972 44.9763 0.418669 0.898175 -0.134156 11.8444 -0.245556 0.254188 0.935463 38.4342
0.87858 -0.346928 0.328235 44.9836 0.407912 0.902547 -0.137903 11.6627 -0.248405 0.25505 0.934475 38.9195
0.881404 -0.343825 0.323899 45.1787 0.405041 0.902931 -0.14373 11.6057 -0.24304 0.257876 0.93511 39.4043
0.881604 -0.343826 0.323353 45.3557 0.406026 0.901775 -0.148137 11.5316 -0.240659 0.261889 0.934611 39.9048
0.878498 -0.349526 0.325687 45.5645 0.412219 0.899159 -0.146932 11.4393 -0.241488 0.263334 0.933991 40.4006
0.875595 -0.351984 0.330817 45.753 0.417472 0.895941 -0.151683 11.3618 -0.243003 0.27092 0.931425 40.9185
0.874524 -0.350293 0.335414 45.9458 0.418371 0.894705 -0.156425 11.2815 -0.245302 0.277125 0.928993 41.4431
0.875731 -0.344493 0.33826 46.1525 0.413577 0.896752 -0.157447 11.1742 -0.249096 0.277777 0.927788 41.9705
0.87692 -0.338964 0.340757 46.3909 0.408291 0.899419 -0.156028 11.1044 -0.253595 0.275952 0.927114 42.5141
0.875922 -0.336529 0.345701 46.5871 0.406473 0.900753 -0.153047 11.0211 -0.259886 0.274575 0.92578 43.0844
0.873755 -0.336895 0.350791 46.7814 0.407217 0.901115 -0.148881 10.9268 -0.265946 0.272934 0.924543 43.6693
0.873847 -0.333456 0.353834 47.0207 0.403492 0.903403 -0.14511 10.8403 -0.271267 0.269573 0.923983 44.2494
0.87054 -0.33774 0.357898 47.2045 0.408614 0.901391 -0.143279 10.7345 -0.274215 0.270973 0.922702 44.8604
0.869294 -0.339785 0.35899 47.4291 0.411406 0.899937 -0.144427 10.6252 -0.273994 0.27324 0.922099 45.4635
0.874516 -0.340001 0.345863 47.8968 0.410063 0.899142 -0.152946 10.6238 -0.258978 0.275579 0.925736 45.9318
0.876635 -0.33692 0.343506 48.1318 0.408155 0.898768 -0.160083 10.4697 -0.254796 0.280538 0.925407 46.5357
0.881143 -0.337798 0.330876 48.5955 0.405674 0.899554 -0.161963 10.3857 -0.24293 0.27694 0.929671 47.0242
0.882258 -0.334391 0.331366 48.7523 0.401758 0.901706 -0.159739 10.2529 -0.245379 0.27406 0.929882 47.686
0.865298 -0.320373 0.385514 48.3811 0.407427 0.897539 -0.168601 10.0994 -0.291998 0.302959 0.907168 48.2758
0.865983 -0.32314 0.381647 48.6785 0.406896 0.898974 -0.162117 9.98964 -0.290704 0.295681 0.90998 48.9332
0.867001 -0.322091 0.380218 48.9409 0.405677 0.899325 -0.163217 9.82005 -0.289369 0.295755 0.910381 49.6035
0.870124 -0.317112 0.377258 49.2567 0.401993 0.899522 -0.171062 9.71881 -0.285106 0.3005 0.910173 50.2687
0.865862 -0.32277 0.382233 49.32 0.411853 0.893625 -0.178355 9.60518 -0.284006 0.311855 0.90669 51.0064
0.864933 -0.328344 0.379581 49.5823 0.417316 0.890659 -0.180484 9.4754 -0.278817 0.314511 0.907383 51.7092
0.867377 -0.324913 0.376946 49.8345 0.412465 0.893168 -0.179232 9.23485 -0.278442 0.310938 0.908729 52.4
0.868236 -0.326319 0.373742 50.152 0.412741 0.89307 -0.179083 9.11981 -0.275339 0.309745 0.91008 53.1136
0.872924 -0.317744 0.370192 50.447 0.402257 0.898125 -0.177652 8.85844 -0.276031 0.303989 0.91181 53.8075
0.870325 -0.327575 0.367736 50.8292 0.409902 0.895724 -0.172219 8.78929 -0.272975 0.300622 0.913844 54.5204
0.86809 -0.333296 0.367878 51.1578 0.414473 0.894489 -0.167635 8.63644 -0.27319 0.297998 0.914639 55.2677
0.868788 -0.33114 0.368176 51.3951 0.412306 0.895518 -0.167485 8.47631 -0.274248 0.29731 0.914546 56.0481
0.869593 -0.32597 0.370879 51.6285 0.40932 0.895987 -0.172233 8.32032 -0.27616 0.301581 0.91257 56.8402
0.84497 -0.299678 0.442966 51.0223 0.407549 0.897129 -0.170481 7.90998 -0.346308 0.324582 0.88018 57.2504
0.847585 -0.291837 0.443205 51.2992 0.401689 0.89861 -0.176482 7.72714 -0.346764 0.327614 0.878876 58.0263
0.849153 -0.289558 0.441696 51.7741 0.398949 0.899695 -0.177168 7.63079 -0.346092 0.326657 0.879498 58.7237
0.848341 -0.286827 0.445027 52.1287 0.396874 0.900854 -0.175933 7.45693 -0.350442 0.32587 0.878066 59.4836
0.844367 -0.277481 0.45831 52.2131 0.393654 0.901586 -0.179388 7.18923 -0.363429 0.331885 0.870501 60.2981
0.842338 -0.281657 0.459495 52.604 0.398509 0.899492 -0.179177 7.0449 -0.362846 0.334041 0.869919 61.0522
0.839294 -0.287475 0.461458 53.047 0.403879 0.897875 -0.175221 6.90899 -0.36396 0.333435 0.869687 61.7814
0.83621 -0.292278 0.464032 53.4489 0.40911 0.895953 -0.172908 6.74154 -0.365213 0.334427 0.868779 62.5461
0.835859 -0.290323 0.46589 53.8126 0.408396 0.895997 -0.174362 6.5638 -0.366814 0.33601 0.867493 63.3199
0.836941 -0.285838 0.466718 54.2232 0.404016 0.897942 -0.174562 6.40926 -0.369189 0.33466 0.867008 64.0728
0.837687 -0.286517 0.464961 54.6526 0.402593 0.899226 -0.171205 6.3045 -0.369052 0.330607 0.868619 64.8271
0.838098 -0.284831 0.465257 55.0502 0.399834 0.90093 -0.168696 6.1417 -0.371114 0.327409 0.868952 65.5893
0.83709 -0.284088 0.467519 55.4292 0.40239 0.898707 -0.174378 5.95774 -0.370624 0.334095 0.866613 66.3501
0.834299 -0.287962 0.470131 55.8022 0.412029 0.892261 -0.184667 5.77979 -0.366302 0.347775 0.863062 67.0897
0.832719 -0.293493 0.469512 56.238 0.419925 0.887441 -0.190031 5.65839 -0.360891 0.355402 0.862234 67.794
0.821698 -0.287192 0.492273 55.9357 0.418208 0.890647 -0.178466 5.23723 -0.387187 0.352518 0.851949 68.4534
0.816788 -0.283471 0.502496 56.0103 0.412108 0.896199 -0.164298 5.04355 -0.403763 0.341279 0.848825 69.2813
0.816063 -0.291724 0.498937 56.5062 0.411877 0.89915 -0.147943 4.95027 -0.40546 0.326231 0.853918 69.9899
0.817284 -0.289055 0.498491 56.8728 0.411786 0.898114 -0.15435 4.76805 -0.403086 0.33142 0.853043 70.7481
0.827261 -0.281603 0.486148 57.4776 0.40712 0.89678 -0.173319 4.62896 -0.387161 0.3413 0.856517 71.3038
0.826441 -0.281669 0.487501 57.7967 0.411144 0.893467 -0.180768 4.47194 -0.38465 0.349827 0.854205 72.0423
0.829485 -0.287406 0.478908 58.3856 0.412145 0.893652 -0.177545 4.34631 -0.37695 0.34465 0.859724 72.6042
0.830986 -0.291569 0.473762 58.8232 0.412843 0.894046 -0.173906 4.19332 -0.372859 0.340103 0.863311 73.2928
0.832157 -0.291748 0.471591 59.2068 0.413323 0.893272 -0.176719 4.05451 -0.369702 0.341977 0.863928 74.0188
0.834684 -0.296192 0.464298 59.6211 0.414753 0.892729 -0.176111 3.89999 -0.36233 0.339566 0.867993 74.7118
0.837623 -0.293194 0.460895 60.0009 0.410909 0.894134 -0.177985 3.7367 -0.359918 0.33847 0.869423 75.4172
0.840849 -0.290224 0.456883 60.3903 0.40742 0.895076 -0.18124 3.58507 -0.356345 0.338539 0.870867 76.137
0.841286 -0.290594 0.455843 60.7303 0.406861 0.895588 -0.179962 3.43264 -0.355952 0.336864 0.871677 76.8478
0.840128 -0.287956 0.459637 61.0308 0.404492 0.8972 -0.177251 3.26181 -0.361346 0.334833 0.870239 77.5917
0.842913 -0.288395 0.454231 61.436 0.40364 0.897153 -0.179421 3.14545 -0.35577 0.334583 0.872629 78.2948
0.842731 -0.292999 0.451615 61.8308 0.407802 0.895102 -0.180249 3.00765 -0.351429 0.336071 0.873816 78.9929
0.841738 -0.298383 0.449939 62.1764 0.41279 0.892834 -0.180145 2.82734 -0.347968 0.337365 0.874702 79.7032
0.841475 -0.302206 0.447874 62.3891 0.415492 0.891838 -0.178863 2.60062 -0.345378 0.336597 0.876023 80.4434
0.841434 -0.305315 0.445838 62.6277 0.415409 0.893156 -0.17236 2.39196 -0.345579 0.330235 0.878362 81.1895
0.83844 -0.305526 0.451301 62.6011 0.415308 0.894393 -0.166075 2.15727 -0.3529 0.326673 0.876782 81.9707
0.848715 -0.310039 0.428437 63.2567 0.409686 0.897742 -0.161917 2.22951 -0.334425 0.312946 0.888946 82.4556
0.860311 -0.311236 0.403729 63.8885 0.40351 0.899749 -0.166225 2.34523 -0.31152 0.305914 0.899651 82.9611
0.858386 -0.301306 0.415196 63.2854 0.400643 0.899223 -0.175737 2.09853 -0.320403 0.317195 0.892597 83.4444
0.860568 -0.3068 0.406567 63.6368 0.40528 0.895942 -0.181757 1.90764 -0.308497 0.321188 0.895359 84.1396
0.864904 -0.326275 0.381426 64.1624 0.418345 0.888493 -0.188594 2.03951 -0.277361 0.322683 0.904957 84.7248
0.866605 -0.323804 0.379667 64.362 0.415402 0.889708 -0.18937 1.81618 -0.276474 0.321823 0.905534 85.4726
0.866605 -0.323804 0.379667 64.362 0.415402 0.889708 -0.18937 1.81618 -0.276474 0.321823 0.905534 85.4726
0.878222 -0.306302 0.367296 64.7418 0.397009 0.895133 -0.202781 1.60694 -0.266666 0.323907 0.90773 86.1712
0.882007 -0.302177 0.361598 64.9236 0.393169 0.894885 -0.211185 1.36095 -0.259773 0.328436 0.908101 86.9298
0.882007 -0.302177 0.361598 64.9236 0.393169 0.894885 -0.211185 1.36095 -0.259773 0.328436 0.908101 86.9298
0.8858 -0.298431 0.355384 65.1623 0.387144 0.897478 -0.211312 1.14075 -0.255887 0.324765 0.910522 87.6784
0.885567 -0.304736 0.350582 65.4796 0.388992 0.899015 -0.201141 0.954367 -0.253883 0.314497 0.914678 88.4144
0.887705 -0.304471 0.345365 65.602 0.385889 0.90118 -0.197392 0.737753 -0.251136 0.308499 0.917474 89.2046
0.894394 -0.309565 0.322845 66.0364 0.384876 0.900393 -0.202886 0.764708 -0.22788 0.305715 0.92445 89.9124
0.903065 -0.3205 0.285925 66.5262 0.38613 0.897351 -0.213691 0.877943 -0.188087 0.303382 0.934121 90.5669
0.905864 -0.320183 0.277295 66.7202 0.384715 0.895847 -0.222378 0.727218 -0.177213 0.308124 0.934695 91.3534
0.905864 -0.320183 0.277295 66.7202 0.384715 0.895847 -0.222378 0.727218 -0.177213 0.308124 0.934695 91.3534
0.909137 -0.312498 0.275345 66.8927 0.378135 0.896431 -0.231142 0.500801 -0.174596 0.314257 0.933145 92.1228
0.912613 -0.298579 0.279265 66.9141 0.368031 0.897452 -0.243173 0.26446 -0.17802 0.324701 0.928912 92.9066
0.912613 -0.298579 0.279265 66.9141 0.368031 0.897452 -0.243173 0.26446 -0.17802 0.324701 0.928912 92.9066
0.914637 -0.294904 0.276535 67.1246 0.362026 0.901909 -0.23558 0.0440588 -0.179936 0.315583 0.931682 93.6844
0.914078 -0.301118 0.271643 67.3325 0.365025 0.902747 -0.227606 -0.147265 -0.176689 0.307206 0.935097 94.4758
0.914885 -0.306581 0.262664 67.671 0.367805 0.901211 -0.22921 -0.333238 -0.166444 0.30631 0.937268 95.2175
0.91127 -0.322366 0.256257 67.8543 0.382628 0.892871 -0.23744 -0.514608 -0.152261 0.314423 0.936992 96
0.892098 -0.307946 0.330652 67.2264 0.393405 0.889306 -0.233169 -0.906071 -0.222247 0.33809 0.914495 96.343
0.895187 -0.310407 0.319825 67.4864 0.391724 0.890249 -0.232398 -1.09497 -0.212586 0.333323 0.918533 97.0957
0.895584 -0.315616 0.313554 67.7204 0.393451 0.890863 -0.227068 -1.27741 -0.207667 0.326727 0.922022 97.8688
0.890712 -0.313786 0.328893 67.7155 0.396136 0.890689 -0.223044 -1.58175 -0.222954 0.328954 0.917649 98.6462
0.901784 -0.297499 0.313497 68.2523 0.375234 0.898861 -0.226382 -1.82974 -0.214441 0.321782 0.92221 99.2378
0.900505 -0.306903 0.308062 68.4744 0.382183 0.896522 -0.224021 -2.03481 -0.207431 0.319468 0.924615 100.023
0.900505 -0.306903 0.308062 68.4744 0.382183 0.896522 -0.224021 -2.03481 -0.207431 0.319468 0.924615 100.023
0.899353 -0.314929 0.303288 68.8637 0.38986 0.891634 -0.230213 -2.21461 -0.197921 0.325283 0.924672 100.741
0.897354 -0.331486 0.291331 69.2195 0.402238 0.885935 -0.230922 -2.34068 -0.181553 0.324403 0.928333 101.48
0.901012 -0.328956 0.282782 69.5744 0.395744 0.890307 -0.225256 -2.51284 -0.177663 0.314867 0.93236 102.213
0.905297 -0.322661 0.276276 69.7487 0.385354 0.897476 -0.214568 -2.72638 -0.178718 0.300712 0.93682 103.02
0.910767 -0.314152 0.267977 70.1044 0.373246 0.903912 -0.208879 -2.9326 -0.176608 0.290261 0.940509 103.776
0.91124 -0.313974 0.266576 70.2867 0.373321 0.903027 -0.212542 -3.13915 -0.173993 0.293195 0.940087 104.587
0.913862 -0.305313 0.267657 70.4971 0.367431 0.902377 -0.22519 -3.37019 -0.172774 0.304138 0.936829 105.372
0.919919 -0.289321 0.264656 70.6972 0.353305 0.904353 -0.239418 -3.60492 -0.170074 0.313749 0.93415 106.152
0.924117 -0.2845 0.255083 71.2456 0.346051 0.906211 -0.242961 -3.77402 -0.162037 0.312796 0.935897 106.764
0.921934 -0.290888 0.255777 71.4492 0.35142 0.905864 -0.236462 -3.9819 -0.162916 0.307888 0.937371 107.561
0.921762 -0.289144 0.258362 71.5899 0.349351 0.908382 -0.229773 -4.20204 -0.168254 0.302055 0.938325 108.378
0.923057 -0.288018 0.254973 71.8139 0.346358 0.910672 -0.225195 -4.40801 -0.167337 0.29618 0.94036 109.186
0.92412 -0.286695 0.252602 71.9591 0.344798 0.910584 -0.227929 -4.63559 -0.164669 0.297731 0.940341 110.008
0.924339 -0.287271 0.251143 72.2295 0.346383 0.907797 -0.236484 -4.83699 -0.160051 0.305582 0.938618 110.795
0.921475 -0.295125 0.252557 72.4334 0.355903 0.901954 -0.244565 -5.06373 -0.155618 0.315246 0.936164 111.589
0.915437 -0.310509 0.256044 72.547 0.371964 0.895697 -0.24366 -5.29019 -0.15368 0.318295 0.935452 112.396
0.916708 -0.308072 0.254436 72.7367 0.368669 0.897677 -0.241367 -5.50199 -0.154043 0.315066 0.936485 113.196
0.920296 -0.301532 0.249266 73.0506 0.359256 0.903605 -0.233308 -5.70013 -0.154889 0.304262 0.939912 113.974
0.916571 -0.311891 0.250243 73.2252 0.368421 0.901952 -0.225273 -5.90109 -0.155447 0.298673 0.941611 114.796
0.916048 -0.314721 0.248609 73.4321 0.371157 0.900114 -0.228119 -6.10825 -0.151982 0.301241 0.941358 115.595
0.916958 -0.311482 0.249332 73.6326 0.369094 0.899549 -0.233625 -6.32272 -0.151516 0.306251 0.939815 116.382
0.920233 -0.301138 0.249972 73.8112 0.359405 0.903057 -0.235193 -6.56207 -0.154914 0.306274 0.939254 117.165
0.91879 -0.302515 0.253592 74.0305 0.360794 0.904209 -0.228546 -6.76914 -0.160161 0.30148 0.939925 117.95
0.920659 -0.298547 0.251511 74.2243 0.356018 0.906419 -0.227278 -6.98362 -0.160121 0.298788 0.940791 118.742
0.922796 -0.291748 0.251654 74.388 0.349223 0.909267 -0.226443 -7.20502 -0.162757 0.296845 0.940954 119.536
0.925604 -0.285329 0.248685 74.5379 0.342595 0.910887 -0.23003 -7.43197 -0.160889 0.298115 0.940873 120.328
0.925088 -0.285645 0.250239 74.7055 0.343907 0.90963 -0.233026 -7.64613 -0.161062 0.301628 0.939723 121.116
0.925988 -0.285127 0.247485 74.9105 0.343701 0.907891 -0.240009 -7.85446 -0.156257 0.307306 0.938694 121.888
0.927079 -0.284552 0.244038 75.0918 0.342843 0.906885 -0.244987 -8.01996 -0.151603 0.310789 0.938311 122.666
0.93163 -0.279798 0.231901 75.3307 0.334749 0.909104 -0.247936 -8.12033 -0.14145 0.308614 0.940611 123.44
0.931417 -0.281885 0.230224 75.4864 0.334935 0.911386 -0.239151 -8.30771 -0.14241 0.29986 0.943294 124.104
0.929048 -0.288592 0.231481 75.6571 0.341376 0.909885 -0.235736 -8.4906 -0.14259 0.298032 0.943846 124.766
0.928126 -0.289594 0.233916 75.7644 0.343826 0.907732 -0.240428 -8.72442 -0.142707 0.303574 0.94206 125.426
0.926546 -0.290911 0.238502 75.9547 0.346787 0.906225 -0.241857 -8.92237 -0.145778 0.306801 0.940543 126.078
0.926546 -0.290911 0.238502 75.9547 0.346787 0.906225 -0.241857 -8.92237 -0.145778 0.306801 0.940543 126.078
0.928275 -0.285591 0.238209 76.1294 0.342387 0.90634 -0.247627 -9.14169 -0.145178 0.311426 0.939115 126.728
0.924782 -0.292576 0.243265 76.3086 0.351029 0.90272 -0.248747 -9.31233 -0.146822 0.31543 0.937522 127.391
0.924155 -0.289458 0.249303 76.4583 0.350221 0.902618 -0.250251 -9.50978 -0.152588 0.318582 0.935533 128.055
0.923703 -0.289463 0.250967 76.6959 0.350043 0.903909 -0.245801 -9.64612 -0.155701 0.314896 0.936268 128.707
0.922528 -0.286633 0.258426 76.8571 0.347888 0.907527 -0.235305 -9.84396 -0.167083 0.306978 0.936935 129.368
0.919972 -0.289284 0.264512 77.0271 0.351618 0.907275 -0.230686 -9.94723 -0.173251 0.305231 0.936385 130.047
0.918441 -0.287863 0.271296 77.205 0.352361 0.90705 -0.230437 -10.1244 -0.179745 0.307237 0.934504 130.708
0.916871 -0.28514 0.279362 77.3659 0.353874 0.904431 -0.238282 -10.325 -0.18472 0.317332 0.93015 131.367
0.915615 -0.281904 0.286668 77.5671 0.354838 0.901851 -0.246485 -10.5116 -0.189046 0.327406 0.925779 132.019
0.906587 -0.267327 0.326552 77.1171 0.355214 0.901169 -0.248429 -10.8621 -0.227867 0.341218 0.911947 132.439
0.906587 -0.267327 0.326552 77.1171 0.355214 0.901169 -0.248429 -10.8621 -0.227867 0.341218 0.911947 132.439
0.904119 -0.26729 0.333353 77.3096 0.35642 0.90207 -0.243383 -11.0227 -0.235654 0.338861 0.910846 133.037
