1 0 0 0 1 0 0 0 1 0 0 0
0.999881 -0.00792864 -0.0132639 0.00785571 0.999954 -0.0055415 0.0133072 0.00543664 0.999897 0.166194 0.141691 0.97586
0.999856 0.00040135 -0.0169381 -0.000404369 1 -0.000174814 0.016938 0.000181638 0.999857 0.241981 -0.0414815 0.969394
0.999965 -0.00251511 -0.00798876 0.00252255 0.999996 0.00092147 0.00798642 -0.00094159 0.999968 -0.0108863 -0.0273792 0.999566
0.999987 0.00159011 -0.00486344 -0.00160045 0.999996 -0.0021228 0.00486005 0.00213056 0.999986 -0.0403851 0.0645857 0.997095
0.999865 -0.00155262 -0.0163671 0.00151093 0.999996 -0.00255949 0.016371 0.00253441 0.999863 0.18161 0.0462083 0.982284
0.99998 0.00299816 -0.00565057 -0.00300456 0.999995 -0.00112525 0.00564717 0.00114221 0.999983 0.0286114 -0.0182104 0.999425
0.99997 0.00773263 0.00104849 -0.00773089 0.999969 -0.00165387 -0.00106124 0.00164572 0.999998 -0.0052399 -0.0167776 0.999846
0.999998 -0.000712445 -0.00211788 0.000713341 1 0.000422046 0.00211758 -0.000423556 0.999998 -0.0797163 0.0266352 0.996462
0.999975 0.000218458 -0.0070099 -0.000215378 1 0.00044013 0.00700999 -0.00043861 0.999975 -0.0170512 0.0409921 0.999014
0.999989 -0.00447515 -0.00132357 0.00447913 0.999985 0.00302523 0.00131001 -0.00303112 0.999995 -0.137248 0.0119752 0.990464
0.999997 0.00195979 0.00132102 -0.00195854 0.999998 -0.000947626 -0.00132287 0.000945036 0.999999 -0.210957 -0.00708761 0.97747
0.999999 -0.00108187 0.000712874 0.00108336 0.999997 -0.00208446 -0.000710617 0.00208524 0.999998 -0.171205 0.0506219 0.983934
0.999986 -0.00509891 -0.00163477 0.0050975 0.999987 -0.000867754 0.00163917 0.000859408 0.999998 -0.074616 0.0331309 0.996662
1 2.44374e-06 6.50451e-05 -2.53553e-06 0.999999 0.00141123 -6.50416e-05 -0.00141123 0.999999 -0.135183 -0.0300412 0.990365
0.999992 -0.00398461 -0.000705686 0.00398365 0.999991 -0.00135015 0.00071106 0.00134733 0.999999 -0.0706587 -0.0143924 0.997397
0.999999 0.00097287 0.000978508 -0.000970835 0.999997 -0.00207803 -0.000980527 0.00207708 0.999997 -0.116499 -0.012731 0.993109
0.999963 0.00369676 -0.00773249 -0.00369616 0.999993 9.22767e-05 0.00773278 -6.36928e-05 0.99997 0.113066 -0.0630607 0.991584
0.999173 -0.00111288 0.0406541 0.000993771 0.999995 0.00294989 -0.0406572 -0.00290705 0.999169 -0.813829 -0.0435881 0.579468
0.999998 0.000125548 0.00183664 -0.000127668 0.999999 0.00115429 -0.0018365 -0.00115452 0.999998 -0.0736479 -0.00633087 0.997264
0.999969 0.0077039 -0.00186479 -0.00770153 0.99997 0.00127494 0.00187456 -0.00126054 0.999997 0.0867178 -0.0835085 0.992727
0.999971 -0.00758638 0.00024499 0.00758628 0.999971 0.00041556 -0.000248135 -0.000413689 1 -0.140972 0.0253907 0.989688
0.999994 0.00220482 0.00261402 -0.00220129 0.999997 -0.00135252 -0.002617 0.00134676 0.999996 -0.0263396 -0.0299561 0.999204
0.999927 0.0118977 -0.00232612 -0.0118994 0.999929 -0.00071852 0.00231741 0.000746147 0.999997 0.0735592 -0.129518 0.988845
0.999979 -0.0061951 0.00192043 0.00619348 0.99998 0.00085012 -0.00192566 -0.000838208 0.999998 -0.139233 0.0381925 0.989523
0.999991 0.00394252 -0.00157413 -0.00393642 0.999985 0.00385775 0.00158931 -0.00385152 0.999991 0.0844105 -0.0258483 0.996096
0.9995 -0.00311669 0.0314775 0.00274785 0.999927 0.0117543 -0.0315118 -0.011662 0.999435 -0.820553 -0.187211 0.540041
0.999989 -0.000760377 0.00455635 0.000748844 0.999997 0.0025324 -0.00455826 -0.00252896 0.999986 -0.0620626 -0.0096147 0.998026
0.999976 0.0063758 0.00283131 -0.00637529 0.99998 -0.000187588 -0.00283244 0.000169533 0.999996 -0.0309587 -0.0302311 0.999063
0.999996 0.0017634 0.0021998 -0.00175549 0.999992 -0.00359478 -0.00220612 0.00359091 0.999991 -0.0196807 -0.0118819 0.999736
0.99998 -0.000897858 0.00626697 0.000923463 0.999991 -0.00408399 -0.00626324 0.00408969 0.999972 -0.0720439 -0.00259458 0.997398
0.999996 0.00259448 -0.000805851 -0.00259678 0.999993 -0.00286464 0.000798412 0.00286672 0.999996 0.0204204 -0.0242621 0.999497
0.999951 -0.000464061 -0.00992517 0.000475733 0.999999 0.0011737 0.00992462 -0.00117836 0.99995 0.217386 -0.0310428 0.975592
0.999973 -0.00115359 -0.00725153 0.00118857 0.999988 0.00482169 0.00724587 -0.00483018 0.999962 0.130275 -0.0319133 0.990964
0.999982 -0.00568386 -0.00186518 0.00569136 0.999976 0.00403823 0.00184218 -0.00404877 0.99999 -0.0130227 -0.0384823 0.999174
0.999944 -0.0105606 -0.000340002 0.0105604 0.999944 -0.000488531 0.000345142 0.000484913 1 -0.0691615 0.016728 0.997465
0.999977 -0.0064867 -0.0019026 0.00647986 0.999973 -0.00357899 0.00192576 0.00356658 0.999992 0.0254007 0.0306284 0.999208
1 2.0106e-05 0.000267625 -1.92342e-05 0.999995 -0.00325712 -0.000267689 0.00325711 0.999995 -0.101448 -0.0242769 0.994545
0.999989 0.000265647 -0.0047396 -0.000265661 1 -2.35173e-06 0.0047396 3.61083e-06 0.999989 0.113851 -0.0149654 0.993385
0.999993 0.00250558 0.00263387 -0.00250462 0.999997 -0.00036788 -0.00263479 0.000361281 0.999996 -0.0998348 0.0180489 0.99484
0.99997 0.00678167 -0.00366744 -0.00677467 0.999975 0.00191744 0.00368036 -0.00189254 0.999991 0.0958973 -0.0281491 0.994993
0.999991 -0.00432732 1.23278e-05 0.00432731 0.999991 0.00031637 -1.36967e-05 -0.000316313 1 -0.0804666 0.0522961 0.995384
0.999995 -0.000902403 -0.00286116 0.000914057 0.999991 0.00407417 0.00285745 -0.00407677 0.999988 0.0669601 -0.0469221 0.996652
0.999999 0.000778105 0.00127133 -0.000780601 0.999998 0.00196393 -0.00126979 -0.00196492 0.999997 -0.0382849 -0.00535962 0.999252
0.999964 0.00846162 -2.34777e-05 -0.00846153 0.999961 0.00263697 4.57899e-05 -0.00263668 0.999997 -0.0653583 -0.031033 0.997379
0.99999 0.00315256 0.00312892 -0.00314883 0.999994 -0.00119814 -0.00313268 0.00118828 0.999994 -0.121983 -0.026904 0.992168
0.999982 -0.00586961 0.00155864 0.00587271 0.999981 -0.00198905 -0.00154694 0.00199817 0.999997 -0.140325 0.022943 0.98984
0.999994 0.00337596 -0.000949886 -0.00337845 0.999991 -0.00262858 0.000941004 0.00263178 0.999996 -0.0190519 -0.0288115 0.999403
0.999997 0.00175465 0.00155072 -0.00175242 0.999997 -0.00144371 -0.00155325 0.00144099 0.999998 -0.0165648 0.0150403 0.99975
0.999978 -0.00488038 -0.00438726 0.0048873 0.999987 0.00156874 0.00437955 -0.00159015 0.999989 0.0888511 0.00398699 0.996037
0.99999 0.000925696 -0.00444224 -0.000910339 0.999994 0.0034578 0.00444542 -0.00345372 0.999984 0.0993428 -0.0781154 0.991982
0.999985 0.00504604 0.00212622 -0.00503854 0.999981 -0.00352263 -0.00214395 0.00351187 0.999992 -0.00437863 -0.0416291 0.999124
0.999992 0.00321908 -0.00234461 -0.00322679 0.999989 -0.00329216 0.00233399 0.0032997 0.999992 0.0307565 -0.0403708 0.998711
0.999993 0.00111231 0.00352028 -0.00110841 0.999999 -0.00110705 -0.00352151 0.00110314 0.999993 -0.112601 -0.00138106 0.993639
0.999979 0.00412063 -0.00502981 -0.00410002 0.999983 0.00410014 0.00504662 -0.00407943 0.999979 0.127372 -0.0701601 0.98937
0.999999 -0.00146919 -0.000440605 0.00146976 0.999998 0.00129028 0.000438708 -0.00129092 0.999999 0.0140636 0.0209483 0.999682
0.999954 -0.00840787 -0.00457239 0.00839956 0.999963 -0.00183209 0.00458762 0.0017936 0.999988 0.0284267 0.0798033 0.996405
0.999994 0.00285647 -0.00183912 -0.00285642 0.999996 3.18e-05 0.0018392 -2.65466e-05 0.999998 0.0656122 -0.0881217 0.993946
0.999998 -0.00124295 0.00164433 0.00124543 0.999998 -0.00150647 -0.00164246 0.00150851 0.999998 -0.00119032 -0.0124832 0.999921
0.999999 0.00102048 0.000188363 -0.00102069 0.999999 0.00114673 -0.000187192 -0.00114692 0.999999 -0.0723566 -0.0245425 0.997077
0.999985 -0.00211276 0.00506612 0.00209883 0.999994 0.00275313 -0.00507191 -0.00274246 0.999983 -0.215479 0.0253618 0.976179
0.999998 -0.00053235 0.00168445 0.000525041 0.99999 0.00433691 -0.00168675 -0.00433602 0.999989 -0.162451 0.0159059 0.986588
0.999998 0.00109865 0.00186853 -0.00110183 0.999998 0.00169779 -0.00186666 -0.00169985 0.999997 -0.105013 -0.00288174 0.994467
0.999904 0.00386517 -0.0133044 -0.00388966 0.999991 -0.00181514 0.0132972 0.00186671 0.99991 0.186179 -0.0792585 0.979314
0.999996 0.0027821 -0.000413361 -0.00278532 0.999964 -0.0080057 0.000391073 0.00800682 0.999968 -0.0642906 -0.028327 0.997529
0.999986 0.00431817 0.0030115 -0.00430392 0.99998 -0.00472331 -0.00303183 0.00471028 0.999984 -0.118605 -0.0189424 0.992761
0.99966 0.00215723 0.02597 -0.00219895 0.999996 0.00157805 -0.0259665 -0.00163462 0.999661 -0.730254 -0.0190436 0.68291
0.999979 0.00568769 0.00319291 -0.0056949 0.999981 0.00225177 -0.00318005 -0.00226991 0.999992 -0.198907 -0.0254561 0.979688
0.999998 0.00201232 0.000671987 -0.00201348 0.999996 0.00173959 -0.000668484 -0.00174094 0.999998 -0.146528 -0.0292277 0.988775
0.999998 0.00187447 0.000306596 -0.00187486 0.999997 0.00128226 -0.000304191 -0.00128283 0.999999 -0.0923433 -0.0856396 0.992038
0.999993 0.00344158 -0.0013583 -0.00344098 0.999994 0.000438065 0.0013598 -0.000433388 0.999999 -0.0781805 -0.0151278 0.996824
0.999999 0.00117056 0.00015524 -0.00117054 0.999999 -0.000130787 -0.000155393 0.000130606 1 -0.108973 -0.00469238 0.994034
0.999999 -0.000873291 0.00101075 0.000871667 0.999998 0.0016064 -0.00101215 -0.00160552 0.999998 -0.150565 -0.0402523 0.98778
0.999994 -0.000252813 -0.00340477 0.000253593 1 0.000228807 0.00340471 -0.000229669 0.999994 0.103323 -0.0208465 0.994429
0.999997 0.000233584 0.00262918 -0.000237612 0.999999 0.00153185 -0.00262882 -0.00153247 0.999995 -0.229104 0.0148356 0.973289
0.999998 -0.00151434 -0.000875779 0.00151739 0.999993 0.00348988 0.000870488 -0.0034912 0.999994 -0.0600723 0.0159913 0.998066
1 -0.000106925 -0.000137116 0.000107448 0.999993 0.00382117 0.000136707 -0.00382118 0.999993 -0.0808473 -0.101049 0.991591
0.999993 0.00380489 -0.000575818 -0.0038078 0.99998 -0.00512927 0.00055629 0.00513142 0.999987 -0.117598 -0.00578475 0.993044
0.999992 0.000157631 -0.00387645 -0.000180686 0.999982 -0.00594803 0.00387545 0.00594869 0.999975 0.108008 -0.0729869 0.991467
0.999992 -0.00035349 0.00397007 0.000374534 0.999986 -0.00530112 -0.00396814 0.00530257 0.999978 -0.246987 -0.0236304 0.968731
0.999997 0.00199405 -0.00107745 -0.00199714 0.999994 -0.00287877 0.0010717 0.00288091 0.999995 -0.0231515 0.0271213 0.999364
0.999991 0.00222865 -0.00365737 -0.00221174 0.999987 0.00462045 0.00366762 -0.00461232 0.999983 0.031768 -0.0752977 0.996655
0.999999 0.000927094 0.00065546 -0.000929276 0.999994 0.00333598 -0.000652364 -0.00333659 0.999994 -0.10883 -0.0802763 0.990814
0.999996 -0.00280829 -0.00104792 0.00280408 0.999988 -0.00400234 0.00105915 0.00399939 0.999991 -0.02777 -0.00581324 0.999597
0.999947 -0.00991974 0.00283634 0.00993407 0.999938 -0.00508046 -0.00278576 0.00510837 0.999983 -0.148488 -0.00990654 0.988865
0.999991 -0.00366478 0.00191094 0.00367345 0.999983 -0.00455335 -0.00189423 0.00456033 0.999988 -0.0963068 -0.0105219 0.995296
0.999987 0.00418315 0.0028793 -0.00418225 0.999991 -0.000317303 -0.0028806 0.000305257 0.999996 -0.0118701 -0.0424547 0.999028
0.999877 0.00308721 0.015377 -0.00315504 0.999985 0.00438875 -0.0153632 -0.00443673 0.999872 -0.48879 -0.055213 0.870653
0.999953 -0.00197513 0.00949104 0.00195297 0.999995 0.002344 -0.00949562 -0.00232535 0.999952 -0.252857 0.0271598 0.967122
0.999977 -0.00380526 0.00558273 0.00378017 0.999983 0.00449806 -0.00559975 -0.00447685 0.999974 -0.0348398 -0.0254107 0.99907
0.999871 -0.00525478 0.0152106 0.00525937 0.999986 -0.000261842 -0.015209 0.000341807 0.999884 -0.316697 0.0940379 0.943854
0.999918 0.0047979 0.0118695 -0.00478171 0.999988 -0.00139183 -0.0118761 0.00133496 0.999929 -0.127609 0.0213449 0.991595
0.9996 0.00791305 0.0271692 -0.00784437 0.999966 -0.00263373 -0.0271891 0.00241955 0.999627 -0.772146 0.0861175 0.629583
0.999144 0.00558563 0.0409975 -0.00557778 0.999984 -0.00030601 -0.0409986 7.70731e-05 0.999159 -0.803869 -0.0210375 0.594434
0.999756 -0.00248218 0.0219629 0.00243961 0.999995 0.00196464 -0.0219676 -0.00191058 0.999757 0.154504 -0.0544128 0.986493
0.999903 -0.00550494 0.0128018 0.00548246 0.999983 0.00179078 -0.0128115 -0.00172042 0.999916 0.434223 -0.0128792 0.900713
0.998482 -0.00172246 0.0550594 0.0016369 0.999997 0.00159896 -0.055062 -0.0015064 0.998482 -0.943006 -0.00248882 0.332767
0.999463 0.00363189 0.0325796 -0.00367271 0.999993 0.00119314 -0.032575 -0.00131215 0.999468 0.242656 -0.0787594 0.96691
0.999182 0.0019082 0.0403878 -0.00190865 0.999998 -2.74572e-05 -0.0403878 -4.96514e-05 0.999184 -0.00481713 -0.00771971 0.999959
0.999289 0.00907841 0.036582 -0.00911502 0.999958 0.000833873 -0.0365729 -0.00116673 0.99933 0.330955 -0.271338 0.903795
0.99857 -0.00202138 0.0534204 0.00187327 0.999994 0.00282256 -0.0534258 -0.00271845 0.998568 -0.512263 -0.10048 0.852931
0.998674 0.00371142 0.0513556 -0.00354221 0.999988 -0.00338538 -0.0513676 0.00319898 0.998675 0.0378415 0.0490199 0.998081
0.999473 0.00414282 0.0321981 -0.00400381 0.999982 -0.00438069 -0.0322157 0.00424947 0.999472 0.662909 0.00160521 0.748699
0.998416 -0.00437668 0.0560928 0.00426956 0.999989 0.0020294 -0.0561011 -0.00178669 0.998423 0.215639 -0.136591 0.966873
0.998839 0.00333298 0.0480641 -0.00319788 0.999991 -0.00288751 -0.0480732 0.00273046 0.99884 0.497618 0.0209723 0.867143
0.997778 -0.00216 0.066598 0.00213093 0.999998 0.000507568 -0.0665989 -0.000364525 0.99778 0.0948022 -0.0475964 0.994358
0.997642 -0.0029396 0.0685767 0.00295596 0.999996 -0.000137057 -0.068576 0.000339444 0.997646 0.0980093 -0.0636832 0.993146
0.997901 -0.000865094 0.0647466 0.0011222 0.999992 -0.00393477 -0.0647427 0.00399917 0.997894 0.21952 0.0907613 0.971377
0.997416 -0.000898953 0.0718415 0.000901932 1 -9.03089e-06 -0.0718415 7.38037e-05 0.997416 -0.0138975 0.0467527 0.99881
0.996859 0.00186007 0.0791765 -0.00190613 0.999998 0.000506188 -0.0791754 -0.000655518 0.99686 -0.246288 0.0498682 0.967913
0.998174 -0.0112278 0.0593538 0.0115316 0.999922 -0.00477868 -0.0592955 0.00545439 0.998226 0.236998 0.223585 0.945432
0.996134 -0.00191596 0.0878295 0.00169175 0.999995 0.0026271 -0.0878341 -0.00246836 0.996132 -0.534129 -0.108536 0.838407
0.998327 -0.00807148 0.0572616 0.00818897 0.999965 -0.00181752 -0.0572449 0.0022834 0.998358 0.251955 0.0327799 0.967184
0.998112 0.00117451 0.0614148 -0.00103486 0.999997 -0.00230568 -0.0614173 0.00223777 0.99811 0.00457985 0.0251838 0.999672
0.998044 0.00485725 0.0623195 -0.00480004 0.999988 -0.0010677 -0.0623239 0.000766474 0.998056 -0.00773232 -0.0340224 0.999391
0.998579 0.000684877 0.0532954 -0.00055326 0.999997 -0.0024843 -0.0532969 0.00245128 0.998576 0.115443 -0.0103164 0.993261
0.998878 -0.00714137 0.0468138 0.00715485 0.999974 -0.00012045 -0.0468117 0.00045526 0.998904 0.121909 0.0430728 0.991606
0.998897 -0.0131839 0.0450764 0.0130976 0.999912 0.00221015 -0.0451016 -0.00161732 0.998981 0.0870392 0.0418759 0.995324
0.999275 -0.00143628 0.0380417 0.00133059 0.999995 0.00280331 -0.0380456 -0.00275066 0.999272 0.157716 -0.0264363 0.987131
0.999337 0.00195191 0.0363436 -0.00183513 0.999993 -0.00324617 -0.0363497 0.00317732 0.999334 0.0738537 -0.0159136 0.997142
0.999481 0.01087 0.0303383 -0.0107325 0.999931 -0.00469156 -0.0303872 0.00436352 0.999529 0.164141 -0.0947626 0.981875
0.999558 0.00530431 0.0292597 -0.00522073 0.999982 -0.00293229 -0.0292747 0.00277823 0.999568 0.0753647 -0.0387903 0.996401
0.999674 -0.0030352 0.025349 0.0030841 0.999993 -0.00189018 -0.0253431 0.00196775 0.999677 0.142403 -0.0204213 0.989598
0.999707 -0.00499649 0.0236706 0.00505102 0.999985 -0.00224467 -0.023659 0.00236357 0.999717 0.157394 -0.0062249 0.987516
0.999788 -0.00318171 0.0203199 0.00332938 0.999968 -0.0072372 -0.0202962 0.00730332 0.999767 0.171609 -0.0122747 0.985089
0.999808 -0.00350606 0.0192719 0.00363499 0.999971 -0.00665898 -0.019248 0.00672776 0.999792 0.171775 -0.0287988 0.984715
0.999829 0.00550313 0.0176453 -0.00549565 0.999985 -0.000472269 -0.0176476 0.000375216 0.999844 0.0991617 0.0111064 0.995009
0.999844 0.00660239 0.0164048 -0.00669126 0.999963 0.00536845 -0.0163688 -0.00547738 0.999851 -0.0299787 -0.0400172 0.998749
0.999873 0.000964183 0.0159231 -0.00100405 0.999996 0.00249605 -0.0159206 -0.00251172 0.99987 -0.0333309 0.0376768 0.998734
0.999896 0.001295 0.0143973 -0.00133654 0.999995 0.00287663 -0.0143935 -0.00289558 0.999892 0.0536754 -0.0683499 0.996216
0.999918 -0.00512346 0.0117426 0.00511947 0.999987 0.000369947 -0.0117444 -0.0003098 0.999931 0.0418775 0.0092213 0.99908
0.999939 0.0011712 0.0110077 -0.00116388 0.999999 -0.000672042 -0.0110084 0.000659189 0.999939 0.0170589 -0.0287928 0.99944
0.999966 -0.00212703 0.00795924 0.00212252 0.999998 0.000574944 -0.00796045 -0.000558031 0.999968 0.0660141 -0.0328683 0.997277
0.999986 0.00286462 0.00438824 -0.00285997 0.999995 -0.00106696 -0.00439127 0.00105439 0.99999 0.0631218 -0.0247124 0.9977
0.999978 -0.000123287 0.00667542 0.000134603 0.999999 -0.00169472 -0.0066752 0.00169558 0.999976 -0.00892935 0.00212299 0.999958
0.999992 -0.000457087 0.00394018 0.00046332 0.999999 -0.00158128 -0.00393945 0.00158309 0.999991 0.20529 0.0165027 0.978562
0.999984 -0.000777923 0.00559738 0.000778594 1 -0.000117607 -0.00559729 0.000121963 0.999984 -0.0610921 0.00442139 0.998122
0.999994 -0.000266257 0.00334988 0.000271226 0.999999 -0.00148284 -0.00334948 0.00148374 0.999993 0.0264379 0.0564122 0.998057
0.999997 -0.000450836 0.00233137 0.000449299 1 0.000659846 -0.00233166 -0.000658797 0.999997 -0.00229097 -0.031706 0.999495
0.999741 1.09954e-05 0.0227727 0.000384754 0.999849 -0.0173738 -0.0227694 0.0173781 0.99959 -0.617244 0.53335 0.578401
0.999993 -0.00340008 0.00154488 0.0034013 0.999994 -0.000788721 -0.00154219 0.00079397 0.999998 -0.0540776 0.00865864 0.998499
0.99879 -0.00291601 0.0490997 0.0034762 0.99993 -0.0113278 -0.0490632 0.0114847 0.99873 -0.914446 0.208454 0.346895
0.999997 0.00160195 0.00184245 -0.00160461 0.999998 0.00143958 -0.00184014 -0.00144253 0.999997 -0.212105 -0.0936121 0.972753
0.999988 -0.000345364 -0.0048472 0.000345217 1 -3.127e-05 0.00484721 2.95963e-05 0.999988 0.0604651 -0.0261664 0.997827
0.999991 0.00159716 -0.00405493 -0.00159948 0.999999 -0.000569026 0.00405402 0.000575506 0.999992 0.00399314 0.0250636 0.999678
0.999989 0.00210229 -0.00424538 -0.00209119 0.999994 0.00261756 0.00425086 -0.00260865 0.999988 0.0217912 -0.0566249 0.998158
0.999995 -0.000719897 -0.0032311 0.000721402 1 0.000464899 0.00323077 -0.000467227 0.999995 -0.0765881 0.0135299 0.996971
0.999972 0.00506006 -0.00550126 -0.00504022 0.999981 0.00361358 0.00551944 -0.00358575 0.999978 0.0381112 -0.0502493 0.998009
0.999991 0.00430628 -0.000503387 -0.00430585 0.99999 0.000851537 0.000507049 -0.000849361 1 -0.122302 -0.0163865 0.992358
0.997714 -0.00112882 0.0675723 0.00073187 0.999982 0.00589893 -0.0675777 -0.00583599 0.997697 -0.968045 -0.0844642 0.236126
0.999995 0.00158517 0.00272342 -0.00156993 0.999983 -0.00558897 -0.00273223 0.00558466 0.999981 -0.198824 0.0194124 0.979843
0.999952 0.00140895 0.00972623 -0.00129089 0.999926 -0.0121338 -0.0097426 0.0121206 0.999879 -0.318257 0.157128 0.934892
0.999932 0.00400689 0.010932 -0.00396848 0.999986 -0.00353281 -0.010946 0.00348919 0.999934 -0.291702 -0.00242696 0.956506
0.999998 0.00163369 0.00145777 -0.00163397 0.999999 0.000196147 -0.00145745 -0.000198529 0.999999 -0.0677233 -0.0175106 0.99755
0.999996 0.000701475 -0.00278894 -0.000694488 0.999997 0.00250535 0.00279069 -0.00250341 0.999993 0.0877958 -0.0332902 0.995582
0.999998 0.000637957 -0.00173301 -0.00063542 0.999999 0.00146394 0.00173395 -0.00146284 0.999997 0.00420217 -0.0267623 0.999633
0.999998 -0.00125122 -0.00144521 0.00125151 0.999999 0.000200319 0.00144496 -0.000202128 0.999999 0.00839726 0.0276543 0.999582
0.999812 0.00711671 0.018024 -0.00709881 0.999974 -0.00105649 -0.0180311 0.00092834 0.999837 -0.420789 -0.00662326 0.907134
0.999993 0.00376803 0.000196586 -0.00376813 0.999993 0.000538574 -0.000194555 -0.000539311 1 -0.00299938 -0.0415275 0.999133
0.999607 0.00219567 0.0279617 -0.00225883 0.999995 0.00222733 -0.0279567 -0.00228962 0.999607 -0.559248 -0.0795798 0.825172
0.999977 0.00314755 0.00604774 -0.00316147 0.999992 0.00229487 -0.00604047 -0.00231394 0.999979 -0.0530068 -0.056896 0.996972
0.999998 0.00138605 0.00156931 -0.00138665 0.999999 0.000383093 -0.00156877 -0.000385268 0.999999 0.0827552 0.00169575 0.996568
0.999993 0.000615519 0.00358217 -0.000624332 0.999997 0.00245949 -0.00358064 -0.00246171 0.999991 -0.00722989 -0.0132925 0.999886
0.999993 0.00144022 0.00344295 -0.00143974 0.999999 -0.000139957 -0.00344315 0.000134999 0.999994 0.0793727 0.0241284 0.996553
0.99999 -0.000139298 0.0045043 0.000140507 1 -0.000267928 -0.00450426 0.000268559 0.99999 0.0844396 -0.012569 0.996349
0.999952 0.000417699 0.00982624 -0.00041048 1 -0.000736634 -0.00982654 0.000732565 0.999951 -0.0037508 -0.00895489 0.999953
0.999962 -0.00168898 0.00857654 0.00168763 0.999999 0.000163965 -0.00857681 -0.000149484 0.999963 0.0840467 -0.0147079 0.996353
0.99992 -0.00454621 0.0118443 0.00455969 0.999989 -0.00111189 -0.0118391 0.00116581 0.999929 -0.0338072 0.0209008 0.99921
0.999937 -0.00221912 0.0109778 0.00223194 0.999997 -0.00115581 -0.0109752 0.00118024 0.999939 -0.00720468 0.0373075 0.999278
0.999925 -0.000681223 0.0121902 0.000680396 1 7.19241e-05 -0.0121902 -6.36246e-05 0.999926 0.0204706 -0.00803964 0.999758
0.99994 0.00176384 0.0108162 -0.00176509 0.999998 0.000105791 -0.010816 -0.000124877 0.999941 0.00652329 -0.0253316 0.999658
0.999944 0.000264682 0.0105761 -0.000271283 1 0.000622675 -0.010576 -0.00062551 0.999944 0.0370043 -0.0386826 0.998566
0.999906 0.00338617 0.0132747 -0.00334694 0.99999 -0.00297602 -0.0132846 0.00293131 0.999907 -0.0803735 0.0370545 0.996076
0.999946 -0.000796434 0.0103335 0.000809841 0.999999 -0.00129338 -0.0103325 0.00130168 0.999946 -0.00201359 -0.0022179 0.999996
0.99995 0.00116599 0.00994503 -0.00114987 0.999998 -0.00162721 -0.00994691 0.0016157 0.999949 0.0103446 0.0250126 0.999634
0.99995 -5.81784e-05 0.00996819 5.81008e-05 1 8.07222e-06 -0.00996819 -7.49266e-06 0.99995 0.0211364 -0.00851032 0.99974
0.998056 -0.0026172 0.0622622 0.00430872 0.999625 -0.0270489 -0.0621681 0.0272646 0.997693 -0.812326 0.41048 0.414286
0.999987 0.000850584 0.00506552 -0.00085546 0.999999 0.000960504 -0.0050647 -0.000964824 0.999987 0.138688 -0.037544 0.989624
0.999958 -0.00167578 0.00895922 0.00165387 0.999996 0.00245243 -0.00896329 -0.00243751 0.999957 -0.0392991 -0.0438819 0.998263
0.999951 -0.00210123 0.0096515 0.00209239 0.999997 0.000925451 -0.00965342 -0.000905211 0.999953 -0.146073 -0.00091906 0.989273
0.9999 -0.00612104 0.0127743 0.00613869 0.99998 -0.00134297 -0.0127658 0.00142125 0.999918 -0.242415 0.0679792 0.967788
0.999998 0.000657034 0.00193631 -0.000663242 0.999995 0.00320688 -0.0019342 -0.00320816 0.999993 0.0287094 -0.0953525 0.995029
0.999994 -0.00333382 0.00105676 0.00333407 0.999994 -0.000232027 -0.00105598 0.000235548 0.999999 -0.0474428 0.0348469 0.998266
0.999999 -0.00133508 -0.000448592 0.00133496 0.999999 -0.000261287 0.00044894 0.000260688 1 0.0274647 -0.0287658 0.999209
0.999998 0.000802814 -0.00155366 -0.000806503 0.999997 -0.0023755 0.00155174 0.00237675 0.999996 -0.0319856 -0.0236135 0.999209
0.999999 -0.00146701 1.61018e-05 0.001467 0.999999 0.000375306 -1.66524e-05 -0.000375281 1 -0.156 -0.0433867 0.986804
0.999982 0.00404232 -0.00449275 -0.00403855 0.999991 0.000849217 0.00449614 -0.000831058 0.99999 -0.134511 -0.0664942 0.988679
0.999991 0.000340415 -0.00422533 -0.000343388 1 -0.000703066 0.00422509 0.00070451 0.999991 -0.255224 0.00548246 0.966866
0.999867 -0.0010373 -0.0162558 0.00100846 0.999998 -0.00178186 0.0162576 0.00176523 0.999866 0.114075 0.044289 0.992484
0.999881 0.00202899 -0.0152839 -0.00207344 0.999994 -0.00289292 0.0152779 0.00292426 0.999879 -0.0503102 0.065205 0.996603
0.999844 0.000569171 -0.0176375 -0.000586497 0.999999 -0.000977186 0.0176369 0.000987378 0.999844 -0.180445 -0.0520493 0.982207
0.999809 0.0029999 -0.0192947 -0.00308416 0.999986 -0.00433847 0.0192814 0.00439715 0.999804 -0.180954 0.0345575 0.982884
0.999684 0.00103385 -0.0251235 -0.00106547 0.999999 -0.0012453 0.0251222 0.00127167 0.999684 -0.161495 -0.033658 0.986299
0.999366 0.00224422 -0.0355411 -0.00215149 0.999994 0.00264691 0.0355468 -0.00256876 0.999365 0.0229211 -0.0646787 0.997643
0.999367 -0.000684667 -0.0355613 0.000837872 0.99999 0.00429347 0.035558 -0.00432055 0.999358 -0.162222 -0.0601127 0.984922
0.998997 0.000979413 -0.0447743 -0.000819237 0.999993 0.00359562 0.0447775 -0.00355533 0.998991 -0.0107909 0.0176276 0.999786
0.998845 -0.003904 -0.0478989 0.00401888 0.999989 0.00230248 0.0478894 -0.00249232 0.99885 -0.0451803 0.0328551 0.998438
0.999568 0.00617716 -0.0287307 -0.0059758 0.999957 0.00708933 0.0287732 -0.00691458 0.999562 -0.590766 -0.0677894 0.80399
0.999002 0.00695131 -0.0441252 -0.00669303 0.99996 0.00599846 0.0441652 -0.00569714 0.999008 -0.33814 -0.0820729 0.93751
0.995989 0.0033533 -0.0894087 -0.00343098 0.999994 -0.00071519 0.0894058 0.00101908 0.995995 0.70011 0.0422877 0.712782
0.997427 -0.00576265 -0.071452 0.00567818 0.999983 -0.00138524 0.0714588 0.000975962 0.997443 0.0854557 -0.0401067 0.995534
0.995999 0.00828375 -0.0889766 -0.0081242 0.999965 0.00215516 0.0889913 -0.00142368 0.996031 0.339979 0.0183111 0.940255
0.998143 -0.0047497 -0.0607263 0.00448426 0.99998 -0.00450657 0.0607465 0.00422589 0.998144 -0.351023 -0.034241 0.93574
0.997253 0.000316157 -0.0740756 -0.000340612 1 -0.000317499 0.0740755 0.000341858 0.997253 0.0113021 -0.0992466 0.994999
0.995625 0.0016775 -0.0934219 -0.00229642 0.999976 -0.00651782 0.0934087 0.00670385 0.995605 0.437318 0.0753996 0.896141
0.997569 0.000110936 -0.0696843 -0.000369071 0.999993 -0.00369149 0.0696834 0.00370823 0.997562 -0.119929 0.0533055 0.99135
0.997742 -0.00409206 -0.0670343 0.00419867 0.99999 0.00144946 0.0670277 -0.00172765 0.99775 -0.141412 -0.0148595 0.989839
0.997438 -0.000351033 -0.0715379 0.000695786 0.999988 0.0047943 0.0715354 -0.00483179 0.997426 -0.0678876 -0.0101894 0.997641
0.997868 0.00141031 -0.0652449 -0.00103339 0.999983 0.00581051 0.065252 -0.0057307 0.997852 -0.208545 0.0311592 0.977516
0.997936 0.00321624 -0.0641299 -0.00281214 0.999976 0.00639053 0.0641489 -0.006197 0.997921 -0.1469 0.00767002 0.989122
0.997971 -0.00127939 -0.0636499 0.00175919 0.99997 0.00748266 0.0636385 -0.00757946 0.997944 -0.0956991 -0.0116482 0.995342
0.998507 0.00568436 -0.0543257 -0.00543069 0.999974 0.00481579 0.0543517 -0.00451358 0.998512 -0.176788 -0.00884604 0.984209
0.998679 0.002866 -0.051297 -0.00276887 0.999994 0.00196454 0.0513023 -0.00181991 0.998682 -0.106303 0.0202801 0.994127
0.999089 0.00380415 -0.0425135 -0.00374296 0.999992 0.00151885 0.0425189 -0.00135834 0.999095 -0.159994 -0.029878 0.986666
0.999239 0.000757174 -0.0389947 -0.000813297 0.999999 -0.0014234 0.0389936 0.00145403 0.999238 -0.0748475 -0.0184413 0.997024
0.999454 0.00284382 -0.0329322 -0.00294536 0.999991 -0.00303526 0.0329233 0.0031306 0.999453 0.0192243 0.0557616 0.998259
0.99973 -0.0058325 -0.0224828 0.00583334 0.999983 -2.80992e-05 0.0224825 -0.000103058 0.999747 -0.128015 -0.00922364 0.991729
